-8.000000000000000000e+02 0.000000000000000000e+00
-7.980000000000000000e+02 0.000000000000000000e+00
-7.960000000000000000e+02 0.000000000000000000e+00
-7.940000000000000000e+02 0.000000000000000000e+00
-7.920000000000000000e+02 0.000000000000000000e+00
-7.900000000000000000e+02 0.000000000000000000e+00
-7.880000000000000000e+02 0.000000000000000000e+00
-7.860000000000000000e+02 0.000000000000000000e+00
-7.840000000000000000e+02 0.000000000000000000e+00
-7.820000000000000000e+02 0.000000000000000000e+00
-7.800000000000000000e+02 0.000000000000000000e+00
-7.780000000000000000e+02 0.000000000000000000e+00
-7.760000000000000000e+02 0.000000000000000000e+00
-7.740000000000000000e+02 0.000000000000000000e+00
-7.720000000000000000e+02 0.000000000000000000e+00
-7.700000000000000000e+02 0.000000000000000000e+00
-7.680000000000000000e+02 0.000000000000000000e+00
-7.660000000000000000e+02 0.000000000000000000e+00
-7.640000000000000000e+02 0.000000000000000000e+00
-7.620000000000000000e+02 0.000000000000000000e+00
-7.600000000000000000e+02 0.000000000000000000e+00
-7.580000000000000000e+02 0.000000000000000000e+00
-7.560000000000000000e+02 0.000000000000000000e+00
-7.540000000000000000e+02 0.000000000000000000e+00
-7.520000000000000000e+02 0.000000000000000000e+00
-7.500000000000000000e+02 0.000000000000000000e+00
-7.480000000000000000e+02 0.000000000000000000e+00
-7.460000000000000000e+02 0.000000000000000000e+00
-7.440000000000000000e+02 0.000000000000000000e+00
-7.420000000000000000e+02 0.000000000000000000e+00
-7.400000000000000000e+02 0.000000000000000000e+00
-7.380000000000000000e+02 0.000000000000000000e+00
-7.360000000000000000e+02 0.000000000000000000e+00
-7.340000000000000000e+02 0.000000000000000000e+00
-7.320000000000000000e+02 0.000000000000000000e+00
-7.300000000000000000e+02 0.000000000000000000e+00
-7.280000000000000000e+02 0.000000000000000000e+00
-7.260000000000000000e+02 0.000000000000000000e+00
-7.240000000000000000e+02 0.000000000000000000e+00
-7.220000000000000000e+02 0.000000000000000000e+00
-7.200000000000000000e+02 0.000000000000000000e+00
-7.180000000000000000e+02 0.000000000000000000e+00
-7.160000000000000000e+02 0.000000000000000000e+00
-7.140000000000000000e+02 0.000000000000000000e+00
-7.120000000000000000e+02 0.000000000000000000e+00
-7.100000000000000000e+02 0.000000000000000000e+00
-7.080000000000000000e+02 0.000000000000000000e+00
-7.060000000000000000e+02 0.000000000000000000e+00
-7.040000000000000000e+02 0.000000000000000000e+00
-7.020000000000000000e+02 0.000000000000000000e+00
-7.000000000000000000e+02 0.000000000000000000e+00
-6.980000000000000000e+02 0.000000000000000000e+00
-6.960000000000000000e+02 0.000000000000000000e+00
-6.940000000000000000e+02 0.000000000000000000e+00
-6.920000000000000000e+02 0.000000000000000000e+00
-6.900000000000000000e+02 0.000000000000000000e+00
-6.880000000000000000e+02 0.000000000000000000e+00
-6.860000000000000000e+02 0.000000000000000000e+00
-6.840000000000000000e+02 0.000000000000000000e+00
-6.820000000000000000e+02 0.000000000000000000e+00
-6.800000000000000000e+02 0.000000000000000000e+00
-6.780000000000000000e+02 0.000000000000000000e+00
-6.760000000000000000e+02 0.000000000000000000e+00
-6.740000000000000000e+02 0.000000000000000000e+00
-6.720000000000000000e+02 0.000000000000000000e+00
-6.700000000000000000e+02 0.000000000000000000e+00
-6.680000000000000000e+02 0.000000000000000000e+00
-6.660000000000000000e+02 0.000000000000000000e+00
-6.640000000000000000e+02 0.000000000000000000e+00
-6.620000000000000000e+02 0.000000000000000000e+00
-6.600000000000000000e+02 0.000000000000000000e+00
-6.580000000000000000e+02 0.000000000000000000e+00
-6.560000000000000000e+02 0.000000000000000000e+00
-6.540000000000000000e+02 0.000000000000000000e+00
-6.520000000000000000e+02 0.000000000000000000e+00
-6.500000000000000000e+02 0.000000000000000000e+00
-6.480000000000000000e+02 0.000000000000000000e+00
-6.460000000000000000e+02 0.000000000000000000e+00
-6.440000000000000000e+02 0.000000000000000000e+00
-6.420000000000000000e+02 0.000000000000000000e+00
-6.400000000000000000e+02 0.000000000000000000e+00
-6.380000000000000000e+02 0.000000000000000000e+00
-6.360000000000000000e+02 0.000000000000000000e+00
-6.340000000000000000e+02 0.000000000000000000e+00
-6.320000000000000000e+02 0.000000000000000000e+00
-6.300000000000000000e+02 0.000000000000000000e+00
-6.280000000000000000e+02 0.000000000000000000e+00
-6.260000000000000000e+02 0.000000000000000000e+00
-6.240000000000000000e+02 0.000000000000000000e+00
-6.220000000000000000e+02 0.000000000000000000e+00
-6.200000000000000000e+02 0.000000000000000000e+00
-6.180000000000000000e+02 0.000000000000000000e+00
-6.160000000000000000e+02 0.000000000000000000e+00
-6.140000000000000000e+02 0.000000000000000000e+00
-6.120000000000000000e+02 0.000000000000000000e+00
-6.100000000000000000e+02 0.000000000000000000e+00
-6.080000000000000000e+02 0.000000000000000000e+00
-6.060000000000000000e+02 0.000000000000000000e+00
-6.040000000000000000e+02 0.000000000000000000e+00
-6.020000000000000000e+02 0.000000000000000000e+00
-6.000000000000000000e+02 0.000000000000000000e+00
-5.980000000000000000e+02 0.000000000000000000e+00
-5.960000000000000000e+02 0.000000000000000000e+00
-5.940000000000000000e+02 0.000000000000000000e+00
-5.920000000000000000e+02 0.000000000000000000e+00
-5.900000000000000000e+02 0.000000000000000000e+00
-5.880000000000000000e+02 0.000000000000000000e+00
-5.860000000000000000e+02 0.000000000000000000e+00
-5.840000000000000000e+02 0.000000000000000000e+00
-5.820000000000000000e+02 0.000000000000000000e+00
-5.800000000000000000e+02 0.000000000000000000e+00
-5.780000000000000000e+02 0.000000000000000000e+00
-5.760000000000000000e+02 0.000000000000000000e+00
-5.740000000000000000e+02 0.000000000000000000e+00
-5.720000000000000000e+02 0.000000000000000000e+00
-5.700000000000000000e+02 0.000000000000000000e+00
-5.680000000000000000e+02 0.000000000000000000e+00
-5.660000000000000000e+02 0.000000000000000000e+00
-5.640000000000000000e+02 0.000000000000000000e+00
-5.620000000000000000e+02 0.000000000000000000e+00
-5.600000000000000000e+02 0.000000000000000000e+00
-5.580000000000000000e+02 0.000000000000000000e+00
-5.560000000000000000e+02 0.000000000000000000e+00
-5.540000000000000000e+02 0.000000000000000000e+00
-5.520000000000000000e+02 0.000000000000000000e+00
-5.500000000000000000e+02 0.000000000000000000e+00
-5.480000000000000000e+02 0.000000000000000000e+00
-5.460000000000000000e+02 0.000000000000000000e+00
-5.440000000000000000e+02 0.000000000000000000e+00
-5.420000000000000000e+02 0.000000000000000000e+00
-5.400000000000000000e+02 0.000000000000000000e+00
-5.380000000000000000e+02 0.000000000000000000e+00
-5.360000000000000000e+02 0.000000000000000000e+00
-5.340000000000000000e+02 0.000000000000000000e+00
-5.320000000000000000e+02 0.000000000000000000e+00
-5.300000000000000000e+02 0.000000000000000000e+00
-5.280000000000000000e+02 0.000000000000000000e+00
-5.260000000000000000e+02 0.000000000000000000e+00
-5.240000000000000000e+02 0.000000000000000000e+00
-5.220000000000000000e+02 0.000000000000000000e+00
-5.200000000000000000e+02 0.000000000000000000e+00
-5.180000000000000000e+02 0.000000000000000000e+00
-5.160000000000000000e+02 0.000000000000000000e+00
-5.140000000000000000e+02 0.000000000000000000e+00
-5.120000000000000000e+02 0.000000000000000000e+00
-5.100000000000000000e+02 0.000000000000000000e+00
-5.080000000000000000e+02 0.000000000000000000e+00
-5.060000000000000000e+02 0.000000000000000000e+00
-5.040000000000000000e+02 0.000000000000000000e+00
-5.020000000000000000e+02 0.000000000000000000e+00
-5.000000000000000000e+02 0.000000000000000000e+00
-4.980000000000000000e+02 0.000000000000000000e+00
-4.960000000000000000e+02 0.000000000000000000e+00
-4.940000000000000000e+02 0.000000000000000000e+00
-4.920000000000000000e+02 0.000000000000000000e+00
-4.900000000000000000e+02 0.000000000000000000e+00
-4.880000000000000000e+02 0.000000000000000000e+00
-4.860000000000000000e+02 0.000000000000000000e+00
-4.840000000000000000e+02 0.000000000000000000e+00
-4.820000000000000000e+02 0.000000000000000000e+00
-4.800000000000000000e+02 0.000000000000000000e+00
-4.780000000000000000e+02 0.000000000000000000e+00
-4.760000000000000000e+02 0.000000000000000000e+00
-4.740000000000000000e+02 0.000000000000000000e+00
-4.720000000000000000e+02 0.000000000000000000e+00
-4.700000000000000000e+02 0.000000000000000000e+00
-4.680000000000000000e+02 0.000000000000000000e+00
-4.660000000000000000e+02 0.000000000000000000e+00
-4.640000000000000000e+02 0.000000000000000000e+00
-4.620000000000000000e+02 0.000000000000000000e+00
-4.600000000000000000e+02 0.000000000000000000e+00
-4.580000000000000000e+02 0.000000000000000000e+00
-4.560000000000000000e+02 0.000000000000000000e+00
-4.540000000000000000e+02 0.000000000000000000e+00
-4.520000000000000000e+02 0.000000000000000000e+00
-4.500000000000000000e+02 0.000000000000000000e+00
-4.480000000000000000e+02 0.000000000000000000e+00
-4.460000000000000000e+02 0.000000000000000000e+00
-4.440000000000000000e+02 0.000000000000000000e+00
-4.420000000000000000e+02 0.000000000000000000e+00
-4.400000000000000000e+02 0.000000000000000000e+00
-4.380000000000000000e+02 0.000000000000000000e+00
-4.360000000000000000e+02 0.000000000000000000e+00
-4.340000000000000000e+02 0.000000000000000000e+00
-4.320000000000000000e+02 0.000000000000000000e+00
-4.300000000000000000e+02 0.000000000000000000e+00
-4.280000000000000000e+02 0.000000000000000000e+00
-4.260000000000000000e+02 0.000000000000000000e+00
-4.240000000000000000e+02 0.000000000000000000e+00
-4.220000000000000000e+02 0.000000000000000000e+00
-4.200000000000000000e+02 0.000000000000000000e+00
-4.180000000000000000e+02 0.000000000000000000e+00
-4.160000000000000000e+02 0.000000000000000000e+00
-4.140000000000000000e+02 0.000000000000000000e+00
-4.120000000000000000e+02 0.000000000000000000e+00
-4.100000000000000000e+02 0.000000000000000000e+00
-4.080000000000000000e+02 0.000000000000000000e+00
-4.060000000000000000e+02 0.000000000000000000e+00
-4.040000000000000000e+02 0.000000000000000000e+00
-4.020000000000000000e+02 0.000000000000000000e+00
-4.000000000000000000e+02 0.000000000000000000e+00
-3.980000000000000000e+02 0.000000000000000000e+00
-3.960000000000000000e+02 0.000000000000000000e+00
-3.940000000000000000e+02 0.000000000000000000e+00
-3.920000000000000000e+02 0.000000000000000000e+00
-3.900000000000000000e+02 0.000000000000000000e+00
-3.880000000000000000e+02 0.000000000000000000e+00
-3.860000000000000000e+02 0.000000000000000000e+00
-3.840000000000000000e+02 0.000000000000000000e+00
-3.820000000000000000e+02 0.000000000000000000e+00
-3.800000000000000000e+02 0.000000000000000000e+00
-3.780000000000000000e+02 0.000000000000000000e+00
-3.760000000000000000e+02 0.000000000000000000e+00
-3.740000000000000000e+02 0.000000000000000000e+00
-3.720000000000000000e+02 0.000000000000000000e+00
-3.700000000000000000e+02 0.000000000000000000e+00
-3.680000000000000000e+02 0.000000000000000000e+00
-3.660000000000000000e+02 0.000000000000000000e+00
-3.640000000000000000e+02 0.000000000000000000e+00
-3.620000000000000000e+02 0.000000000000000000e+00
-3.600000000000000000e+02 0.000000000000000000e+00
-3.580000000000000000e+02 0.000000000000000000e+00
-3.560000000000000000e+02 0.000000000000000000e+00
-3.540000000000000000e+02 0.000000000000000000e+00
-3.520000000000000000e+02 0.000000000000000000e+00
-3.500000000000000000e+02 0.000000000000000000e+00
-3.480000000000000000e+02 0.000000000000000000e+00
-3.460000000000000000e+02 0.000000000000000000e+00
-3.440000000000000000e+02 0.000000000000000000e+00
-3.420000000000000000e+02 0.000000000000000000e+00
-3.400000000000000000e+02 0.000000000000000000e+00
-3.380000000000000000e+02 0.000000000000000000e+00
-3.360000000000000000e+02 0.000000000000000000e+00
-3.340000000000000000e+02 0.000000000000000000e+00
-3.320000000000000000e+02 0.000000000000000000e+00
-3.300000000000000000e+02 0.000000000000000000e+00
-3.280000000000000000e+02 0.000000000000000000e+00
-3.260000000000000000e+02 0.000000000000000000e+00
-3.240000000000000000e+02 0.000000000000000000e+00
-3.220000000000000000e+02 0.000000000000000000e+00
-3.200000000000000000e+02 0.000000000000000000e+00
-3.180000000000000000e+02 0.000000000000000000e+00
-3.160000000000000000e+02 0.000000000000000000e+00
-3.140000000000000000e+02 0.000000000000000000e+00
-3.120000000000000000e+02 0.000000000000000000e+00
-3.100000000000000000e+02 0.000000000000000000e+00
-3.080000000000000000e+02 0.000000000000000000e+00
-3.060000000000000000e+02 0.000000000000000000e+00
-3.040000000000000000e+02 0.000000000000000000e+00
-3.020000000000000000e+02 0.000000000000000000e+00
-3.000000000000000000e+02 0.000000000000000000e+00
-2.980000000000000000e+02 0.000000000000000000e+00
-2.960000000000000000e+02 0.000000000000000000e+00
-2.940000000000000000e+02 0.000000000000000000e+00
-2.920000000000000000e+02 0.000000000000000000e+00
-2.900000000000000000e+02 0.000000000000000000e+00
-2.880000000000000000e+02 0.000000000000000000e+00
-2.860000000000000000e+02 0.000000000000000000e+00
-2.840000000000000000e+02 0.000000000000000000e+00
-2.820000000000000000e+02 0.000000000000000000e+00
-2.800000000000000000e+02 0.000000000000000000e+00
-2.780000000000000000e+02 0.000000000000000000e+00
-2.760000000000000000e+02 0.000000000000000000e+00
-2.740000000000000000e+02 0.000000000000000000e+00
-2.720000000000000000e+02 0.000000000000000000e+00
-2.700000000000000000e+02 0.000000000000000000e+00
-2.680000000000000000e+02 0.000000000000000000e+00
-2.660000000000000000e+02 0.000000000000000000e+00
-2.640000000000000000e+02 0.000000000000000000e+00
-2.620000000000000000e+02 0.000000000000000000e+00
-2.600000000000000000e+02 0.000000000000000000e+00
-2.580000000000000000e+02 0.000000000000000000e+00
-2.560000000000000000e+02 0.000000000000000000e+00
-2.540000000000000000e+02 0.000000000000000000e+00
-2.520000000000000000e+02 0.000000000000000000e+00
-2.500000000000000000e+02 0.000000000000000000e+00
-2.480000000000000000e+02 0.000000000000000000e+00
-2.460000000000000000e+02 0.000000000000000000e+00
-2.440000000000000000e+02 0.000000000000000000e+00
-2.420000000000000000e+02 0.000000000000000000e+00
-2.400000000000000000e+02 0.000000000000000000e+00
-2.380000000000000000e+02 0.000000000000000000e+00
-2.360000000000000000e+02 0.000000000000000000e+00
-2.340000000000000000e+02 0.000000000000000000e+00
-2.320000000000000000e+02 0.000000000000000000e+00
-2.300000000000000000e+02 0.000000000000000000e+00
-2.280000000000000000e+02 0.000000000000000000e+00
-2.260000000000000000e+02 0.000000000000000000e+00
-2.240000000000000000e+02 0.000000000000000000e+00
-2.220000000000000000e+02 0.000000000000000000e+00
-2.200000000000000000e+02 0.000000000000000000e+00
-2.180000000000000000e+02 0.000000000000000000e+00
-2.160000000000000000e+02 0.000000000000000000e+00
-2.140000000000000000e+02 0.000000000000000000e+00
-2.120000000000000000e+02 0.000000000000000000e+00
-2.100000000000000000e+02 0.000000000000000000e+00
-2.080000000000000000e+02 0.000000000000000000e+00
-2.060000000000000000e+02 0.000000000000000000e+00
-2.040000000000000000e+02 0.000000000000000000e+00
-2.020000000000000000e+02 0.000000000000000000e+00
-2.000000000000000000e+02 0.000000000000000000e+00
-1.980000000000000000e+02 0.000000000000000000e+00
-1.960000000000000000e+02 0.000000000000000000e+00
-1.940000000000000000e+02 0.000000000000000000e+00
-1.920000000000000000e+02 0.000000000000000000e+00
-1.900000000000000000e+02 0.000000000000000000e+00
-1.880000000000000000e+02 0.000000000000000000e+00
-1.860000000000000000e+02 0.000000000000000000e+00
-1.840000000000000000e+02 0.000000000000000000e+00
-1.820000000000000000e+02 0.000000000000000000e+00
-1.800000000000000000e+02 0.000000000000000000e+00
-1.780000000000000000e+02 0.000000000000000000e+00
-1.760000000000000000e+02 0.000000000000000000e+00
-1.740000000000000000e+02 0.000000000000000000e+00
-1.720000000000000000e+02 0.000000000000000000e+00
-1.700000000000000000e+02 0.000000000000000000e+00
-1.680000000000000000e+02 0.000000000000000000e+00
-1.660000000000000000e+02 0.000000000000000000e+00
-1.640000000000000000e+02 0.000000000000000000e+00
-1.620000000000000000e+02 0.000000000000000000e+00
-1.600000000000000000e+02 0.000000000000000000e+00
-1.580000000000000000e+02 0.000000000000000000e+00
-1.560000000000000000e+02 0.000000000000000000e+00
-1.540000000000000000e+02 0.000000000000000000e+00
-1.520000000000000000e+02 0.000000000000000000e+00
-1.500000000000000000e+02 0.000000000000000000e+00
-1.480000000000000000e+02 0.000000000000000000e+00
-1.460000000000000000e+02 7.639195685785108481e+01
-1.440000000000000000e+02 2.823031296626506332e+02
-1.420000000000000000e+02 2.081181329764756924e+02
-1.400000000000000000e+02 1.637044942298042258e+02
-1.380000000000000000e+02 1.394289633065677947e+02
-1.360000000000000000e+02 1.239209588195748069e+02
-1.340000000000000000e+02 1.127539418227940615e+02
-1.320000000000000000e+02 1.040730911046229465e+02
-1.300000000000000000e+02 9.738345520792593391e+01
-1.280000000000000000e+02 9.190134577222998757e+01
-1.260000000000000000e+02 8.744793779323900651e+01
-1.240000000000000000e+02 8.319432134398819301e+01
-1.220000000000000000e+02 7.994415811021640650e+01
-1.200000000000000000e+02 7.727894582704198001e+01
-1.180000000000000000e+02 7.441164291883353599e+01
-1.160000000000000000e+02 7.218078242245358922e+01
-1.140000000000000000e+02 6.992647135818587856e+01
-1.120000000000000000e+02 6.819492178541968030e+01
-1.100000000000000000e+02 6.636142401750207398e+01
-1.080000000000000000e+02 6.489046424850903350e+01
-1.060000000000000000e+02 6.349128708068577254e+01
-1.040000000000000000e+02 6.200811262036298643e+01
-1.020000000000000000e+02 6.077264731079289817e+01
-1.000000000000000000e+02 5.968343564717040550e+01
-9.800000000000000000e+01 5.867370069510032948e+01
-9.600000000000000000e+01 5.768698659015660013e+01
-9.400000000000000000e+01 5.697427582649752509e+01
-9.200000000000000000e+01 5.572179249837861192e+01
-9.000000000000000000e+01 5.517848650672825528e+01
-8.800000000000000000e+01 5.432893135858621037e+01
-8.600000000000000000e+01 5.372678010587512887e+01
-8.400000000000000000e+01 5.295736157793376009e+01
-8.200000000000000000e+01 5.238072340635100232e+01
-8.000000000000000000e+01 5.179150176732341748e+01
-7.800000000000000000e+01 5.120955768814781806e+01
-7.600000000000000000e+01 5.061218677334714755e+01
-7.400000000000000000e+01 5.013239012360707392e+01
-7.200000000000000000e+01 4.979044148107107048e+01
-7.000000000000000000e+01 4.925888147115257709e+01
-6.800000000000000000e+01 4.876880399585905934e+01
-6.600000000000000000e+01 4.848634246394622238e+01
-6.400000000000000000e+01 4.797186885905647102e+01
-6.200000000000000000e+01 4.775892345757263513e+01
-6.000000000000000000e+01 4.737958677961940168e+01
-5.800000000000000000e+01 4.698468784714884805e+01
-5.600000000000000000e+01 4.671537414573803204e+01
-5.400000000000000000e+01 4.640212184189446276e+01
-5.200000000000000000e+01 4.601653202232400730e+01
-5.000000000000000000e+01 4.591936613766829822e+01
-4.800000000000000000e+01 4.565088375502368478e+01
-4.600000000000000000e+01 4.536230218631659739e+01
-4.400000000000000000e+01 4.522136879410849986e+01
-4.200000000000000000e+01 4.498138151614805480e+01
-4.000000000000000000e+01 4.475005341184639462e+01
-3.800000000000000000e+01 4.464315238752497805e+01
-3.600000000000000000e+01 4.436950550114104175e+01
-3.400000000000000000e+01 4.428564589557065290e+01
-3.200000000000000000e+01 4.409140740107676493e+01
-3.000000000000000000e+01 4.393537048866372885e+01
-2.800000000000000000e+01 4.381356290853395308e+01
-2.600000000000000000e+01 4.373540488822221306e+01
-2.400000000000000000e+01 4.361385874821774422e+01
-2.200000000000000000e+01 4.351080864191516184e+01
-2.000000000000000000e+01 4.347147275198835104e+01
-1.800000000000000000e+01 4.331918608076621524e+01
-1.600000000000000000e+01 4.319169851837214935e+01
-1.400000000000000000e+01 4.324427324035610098e+01
-1.200000000000000000e+01 4.312783609914413319e+01
-1.000000000000000000e+01 4.306283784783650503e+01
-8.000000000000000000e+00 4.308499581231137654e+01
-6.000000000000000000e+00 4.305055421145475236e+01
-4.000000000000000000e+00 4.303537543182501679e+01
-2.000000000000000000e+00 4.294473934328875941e+01
0.000000000000000000e+00 4.294473934328875941e+01
2.000000000000000000e+00 4.303537543182502390e+01
4.000000000000000000e+00 4.305055421145475236e+01
6.000000000000000000e+00 4.308499581231137654e+01
8.000000000000000000e+00 4.306283784783649793e+01
1.000000000000000000e+01 4.312783609914411898e+01
1.200000000000000000e+01 4.324427324035610809e+01
1.400000000000000000e+01 4.319169851837214935e+01
1.600000000000000000e+01 4.331918608076621524e+01
1.800000000000000000e+01 4.347147275198835104e+01
2.000000000000000000e+01 4.351080864191516184e+01
2.200000000000000000e+01 4.361385874821773712e+01
2.400000000000000000e+01 4.373540488822221306e+01
2.600000000000000000e+01 4.381356290853395308e+01
2.800000000000000000e+01 4.393537048866372885e+01
3.000000000000000000e+01 4.409140740107675782e+01
3.200000000000000000e+01 4.428564589557065290e+01
3.400000000000000000e+01 4.436950550114104175e+01
3.600000000000000000e+01 4.464315238752497805e+01
3.800000000000000000e+01 4.475005341184640173e+01
4.000000000000000000e+01 4.498138151614805480e+01
4.200000000000000000e+01 4.522136879410850696e+01
4.400000000000000000e+01 4.536230218631659739e+01
4.600000000000000000e+01 4.565088375502369189e+01
4.800000000000000000e+01 4.591936613766829822e+01
5.000000000000000000e+01 4.601653202232400730e+01
5.200000000000000000e+01 4.640212184189446276e+01
5.400000000000000000e+01 4.671537414573802494e+01
5.600000000000000000e+01 4.698468784714884094e+01
5.800000000000000000e+01 4.737958677961940168e+01
6.000000000000000000e+01 4.775892345757262802e+01
6.200000000000000000e+01 4.797186885905647102e+01
6.400000000000000000e+01 4.848634246394622238e+01
6.600000000000000000e+01 4.876880399585905934e+01
6.800000000000000000e+01 4.925888147115257709e+01
7.000000000000000000e+01 4.979044148107107048e+01
7.200000000000000000e+01 5.013239012360707392e+01
7.400000000000000000e+01 5.061218677334714755e+01
7.600000000000000000e+01 5.120955768814780384e+01
7.800000000000000000e+01 5.179150176732341748e+01
8.000000000000000000e+01 5.238072340635100232e+01
8.200000000000000000e+01 5.295736157793376009e+01
8.400000000000000000e+01 5.372678010587512887e+01
8.600000000000000000e+01 5.432893135858622458e+01
8.800000000000000000e+01 5.517848650672825528e+01
9.000000000000000000e+01 5.572179249837861192e+01
9.200000000000000000e+01 5.697427582649752509e+01
9.400000000000000000e+01 5.768698659015660013e+01
9.600000000000000000e+01 5.867370069510032948e+01
9.800000000000000000e+01 5.968343564717040550e+01
1.000000000000000000e+02 6.077264731079289817e+01
1.020000000000000000e+02 6.200811262036298643e+01
1.040000000000000000e+02 6.349128708068577254e+01
1.060000000000000000e+02 6.489046424850903350e+01
1.080000000000000000e+02 6.636142401750207398e+01
1.100000000000000000e+02 6.819492178541968030e+01
1.120000000000000000e+02 6.992647135818587856e+01
1.140000000000000000e+02 7.218078242245358922e+01
1.160000000000000000e+02 7.441164291883353599e+01
1.180000000000000000e+02 7.727894582704198001e+01
1.200000000000000000e+02 7.994415811021642071e+01
1.220000000000000000e+02 8.319432134398817880e+01
1.240000000000000000e+02 8.744793779323900651e+01
1.260000000000000000e+02 9.190134577222998757e+01
1.280000000000000000e+02 9.738345520792591969e+01
1.300000000000000000e+02 1.040730911046229465e+02
1.320000000000000000e+02 1.127539418227940615e+02
1.340000000000000000e+02 1.239209588195748069e+02
1.360000000000000000e+02 1.394289633065677378e+02
1.380000000000000000e+02 1.637044942298042542e+02
1.400000000000000000e+02 2.081181329764756924e+02
1.420000000000000000e+02 2.823031296626506332e+02
1.440000000000000000e+02 7.639195685785108481e+01
1.460000000000000000e+02 0.000000000000000000e+00
1.480000000000000000e+02 0.000000000000000000e+00
1.500000000000000000e+02 0.000000000000000000e+00
1.520000000000000000e+02 0.000000000000000000e+00
1.540000000000000000e+02 0.000000000000000000e+00
1.560000000000000000e+02 0.000000000000000000e+00
1.580000000000000000e+02 0.000000000000000000e+00
1.600000000000000000e+02 0.000000000000000000e+00
1.620000000000000000e+02 0.000000000000000000e+00
1.640000000000000000e+02 0.000000000000000000e+00
1.660000000000000000e+02 0.000000000000000000e+00
1.680000000000000000e+02 0.000000000000000000e+00
1.700000000000000000e+02 0.000000000000000000e+00
1.720000000000000000e+02 0.000000000000000000e+00
1.740000000000000000e+02 0.000000000000000000e+00
1.760000000000000000e+02 0.000000000000000000e+00
1.780000000000000000e+02 0.000000000000000000e+00
1.800000000000000000e+02 0.000000000000000000e+00
1.820000000000000000e+02 0.000000000000000000e+00
1.840000000000000000e+02 0.000000000000000000e+00
1.860000000000000000e+02 0.000000000000000000e+00
1.880000000000000000e+02 0.000000000000000000e+00
1.900000000000000000e+02 0.000000000000000000e+00
1.920000000000000000e+02 0.000000000000000000e+00
1.940000000000000000e+02 0.000000000000000000e+00
1.960000000000000000e+02 0.000000000000000000e+00
1.980000000000000000e+02 0.000000000000000000e+00
2.000000000000000000e+02 0.000000000000000000e+00
2.020000000000000000e+02 0.000000000000000000e+00
2.040000000000000000e+02 0.000000000000000000e+00
2.060000000000000000e+02 0.000000000000000000e+00
2.080000000000000000e+02 0.000000000000000000e+00
2.100000000000000000e+02 0.000000000000000000e+00
2.120000000000000000e+02 0.000000000000000000e+00
2.140000000000000000e+02 0.000000000000000000e+00
2.160000000000000000e+02 0.000000000000000000e+00
2.180000000000000000e+02 0.000000000000000000e+00
2.200000000000000000e+02 0.000000000000000000e+00
2.220000000000000000e+02 0.000000000000000000e+00
2.240000000000000000e+02 0.000000000000000000e+00
2.260000000000000000e+02 0.000000000000000000e+00
2.280000000000000000e+02 0.000000000000000000e+00
2.300000000000000000e+02 0.000000000000000000e+00
2.320000000000000000e+02 0.000000000000000000e+00
2.340000000000000000e+02 0.000000000000000000e+00
2.360000000000000000e+02 0.000000000000000000e+00
2.380000000000000000e+02 0.000000000000000000e+00
2.400000000000000000e+02 0.000000000000000000e+00
2.420000000000000000e+02 0.000000000000000000e+00
2.440000000000000000e+02 0.000000000000000000e+00
2.460000000000000000e+02 0.000000000000000000e+00
2.480000000000000000e+02 0.000000000000000000e+00
2.500000000000000000e+02 0.000000000000000000e+00
2.520000000000000000e+02 0.000000000000000000e+00
2.540000000000000000e+02 0.000000000000000000e+00
2.560000000000000000e+02 0.000000000000000000e+00
2.580000000000000000e+02 0.000000000000000000e+00
2.600000000000000000e+02 0.000000000000000000e+00
2.620000000000000000e+02 0.000000000000000000e+00
2.640000000000000000e+02 0.000000000000000000e+00
2.660000000000000000e+02 0.000000000000000000e+00
2.680000000000000000e+02 0.000000000000000000e+00
2.700000000000000000e+02 0.000000000000000000e+00
2.720000000000000000e+02 0.000000000000000000e+00
2.740000000000000000e+02 0.000000000000000000e+00
2.760000000000000000e+02 0.000000000000000000e+00
2.780000000000000000e+02 0.000000000000000000e+00
2.800000000000000000e+02 0.000000000000000000e+00
2.820000000000000000e+02 0.000000000000000000e+00
2.840000000000000000e+02 0.000000000000000000e+00
2.860000000000000000e+02 0.000000000000000000e+00
2.880000000000000000e+02 0.000000000000000000e+00
2.900000000000000000e+02 0.000000000000000000e+00
2.920000000000000000e+02 0.000000000000000000e+00
2.940000000000000000e+02 0.000000000000000000e+00
2.960000000000000000e+02 0.000000000000000000e+00
2.980000000000000000e+02 0.000000000000000000e+00
3.000000000000000000e+02 0.000000000000000000e+00
3.020000000000000000e+02 0.000000000000000000e+00
3.040000000000000000e+02 0.000000000000000000e+00
3.060000000000000000e+02 0.000000000000000000e+00
3.080000000000000000e+02 0.000000000000000000e+00
3.100000000000000000e+02 0.000000000000000000e+00
3.120000000000000000e+02 0.000000000000000000e+00
3.140000000000000000e+02 0.000000000000000000e+00
3.160000000000000000e+02 0.000000000000000000e+00
3.180000000000000000e+02 0.000000000000000000e+00
3.200000000000000000e+02 0.000000000000000000e+00
3.220000000000000000e+02 0.000000000000000000e+00
3.240000000000000000e+02 0.000000000000000000e+00
3.260000000000000000e+02 0.000000000000000000e+00
3.280000000000000000e+02 0.000000000000000000e+00
3.300000000000000000e+02 0.000000000000000000e+00
3.320000000000000000e+02 0.000000000000000000e+00
3.340000000000000000e+02 0.000000000000000000e+00
3.360000000000000000e+02 0.000000000000000000e+00
3.380000000000000000e+02 0.000000000000000000e+00
3.400000000000000000e+02 0.000000000000000000e+00
3.420000000000000000e+02 0.000000000000000000e+00
3.440000000000000000e+02 0.000000000000000000e+00
3.460000000000000000e+02 0.000000000000000000e+00
3.480000000000000000e+02 0.000000000000000000e+00
3.500000000000000000e+02 0.000000000000000000e+00
3.520000000000000000e+02 0.000000000000000000e+00
3.540000000000000000e+02 0.000000000000000000e+00
3.560000000000000000e+02 0.000000000000000000e+00
3.580000000000000000e+02 0.000000000000000000e+00
3.600000000000000000e+02 0.000000000000000000e+00
3.620000000000000000e+02 0.000000000000000000e+00
3.640000000000000000e+02 0.000000000000000000e+00
3.660000000000000000e+02 0.000000000000000000e+00
3.680000000000000000e+02 0.000000000000000000e+00
3.700000000000000000e+02 0.000000000000000000e+00
3.720000000000000000e+02 0.000000000000000000e+00
3.740000000000000000e+02 0.000000000000000000e+00
3.760000000000000000e+02 0.000000000000000000e+00
3.780000000000000000e+02 0.000000000000000000e+00
3.800000000000000000e+02 0.000000000000000000e+00
3.820000000000000000e+02 0.000000000000000000e+00
3.840000000000000000e+02 0.000000000000000000e+00
3.860000000000000000e+02 0.000000000000000000e+00
3.880000000000000000e+02 0.000000000000000000e+00
3.900000000000000000e+02 0.000000000000000000e+00
3.920000000000000000e+02 0.000000000000000000e+00
3.940000000000000000e+02 0.000000000000000000e+00
3.960000000000000000e+02 0.000000000000000000e+00
3.980000000000000000e+02 0.000000000000000000e+00
4.000000000000000000e+02 0.000000000000000000e+00
4.020000000000000000e+02 0.000000000000000000e+00
4.040000000000000000e+02 0.000000000000000000e+00
4.060000000000000000e+02 0.000000000000000000e+00
4.080000000000000000e+02 0.000000000000000000e+00
4.100000000000000000e+02 0.000000000000000000e+00
4.120000000000000000e+02 0.000000000000000000e+00
4.140000000000000000e+02 0.000000000000000000e+00
4.160000000000000000e+02 0.000000000000000000e+00
4.180000000000000000e+02 0.000000000000000000e+00
4.200000000000000000e+02 0.000000000000000000e+00
4.220000000000000000e+02 0.000000000000000000e+00
4.240000000000000000e+02 0.000000000000000000e+00
4.260000000000000000e+02 0.000000000000000000e+00
4.280000000000000000e+02 0.000000000000000000e+00
4.300000000000000000e+02 0.000000000000000000e+00
4.320000000000000000e+02 0.000000000000000000e+00
4.340000000000000000e+02 0.000000000000000000e+00
4.360000000000000000e+02 0.000000000000000000e+00
4.380000000000000000e+02 0.000000000000000000e+00
4.400000000000000000e+02 0.000000000000000000e+00
4.420000000000000000e+02 0.000000000000000000e+00
4.440000000000000000e+02 0.000000000000000000e+00
4.460000000000000000e+02 0.000000000000000000e+00
4.480000000000000000e+02 0.000000000000000000e+00
4.500000000000000000e+02 0.000000000000000000e+00
4.520000000000000000e+02 0.000000000000000000e+00
4.540000000000000000e+02 0.000000000000000000e+00
4.560000000000000000e+02 0.000000000000000000e+00
4.580000000000000000e+02 0.000000000000000000e+00
4.600000000000000000e+02 0.000000000000000000e+00
4.620000000000000000e+02 0.000000000000000000e+00
4.640000000000000000e+02 0.000000000000000000e+00
4.660000000000000000e+02 0.000000000000000000e+00
4.680000000000000000e+02 0.000000000000000000e+00
4.700000000000000000e+02 0.000000000000000000e+00
4.720000000000000000e+02 0.000000000000000000e+00
4.740000000000000000e+02 0.000000000000000000e+00
4.760000000000000000e+02 0.000000000000000000e+00
4.780000000000000000e+02 0.000000000000000000e+00
4.800000000000000000e+02 0.000000000000000000e+00
4.820000000000000000e+02 0.000000000000000000e+00
4.840000000000000000e+02 0.000000000000000000e+00
4.860000000000000000e+02 0.000000000000000000e+00
4.880000000000000000e+02 0.000000000000000000e+00
4.900000000000000000e+02 0.000000000000000000e+00
4.920000000000000000e+02 0.000000000000000000e+00
4.940000000000000000e+02 0.000000000000000000e+00
4.960000000000000000e+02 0.000000000000000000e+00
4.980000000000000000e+02 0.000000000000000000e+00
5.000000000000000000e+02 0.000000000000000000e+00
5.020000000000000000e+02 0.000000000000000000e+00
5.040000000000000000e+02 0.000000000000000000e+00
5.060000000000000000e+02 0.000000000000000000e+00
5.080000000000000000e+02 0.000000000000000000e+00
5.100000000000000000e+02 0.000000000000000000e+00
5.120000000000000000e+02 0.000000000000000000e+00
5.140000000000000000e+02 0.000000000000000000e+00
5.160000000000000000e+02 0.000000000000000000e+00
5.180000000000000000e+02 0.000000000000000000e+00
5.200000000000000000e+02 0.000000000000000000e+00
5.220000000000000000e+02 0.000000000000000000e+00
5.240000000000000000e+02 0.000000000000000000e+00
5.260000000000000000e+02 0.000000000000000000e+00
5.280000000000000000e+02 0.000000000000000000e+00
5.300000000000000000e+02 0.000000000000000000e+00
5.320000000000000000e+02 0.000000000000000000e+00
5.340000000000000000e+02 0.000000000000000000e+00
5.360000000000000000e+02 0.000000000000000000e+00
5.380000000000000000e+02 0.000000000000000000e+00
5.400000000000000000e+02 0.000000000000000000e+00
5.420000000000000000e+02 0.000000000000000000e+00
5.440000000000000000e+02 0.000000000000000000e+00
5.460000000000000000e+02 0.000000000000000000e+00
5.480000000000000000e+02 0.000000000000000000e+00
5.500000000000000000e+02 0.000000000000000000e+00
5.520000000000000000e+02 0.000000000000000000e+00
5.540000000000000000e+02 0.000000000000000000e+00
5.560000000000000000e+02 0.000000000000000000e+00
5.580000000000000000e+02 0.000000000000000000e+00
5.600000000000000000e+02 0.000000000000000000e+00
5.620000000000000000e+02 0.000000000000000000e+00
5.640000000000000000e+02 0.000000000000000000e+00
5.660000000000000000e+02 0.000000000000000000e+00
5.680000000000000000e+02 0.000000000000000000e+00
5.700000000000000000e+02 0.000000000000000000e+00
5.720000000000000000e+02 0.000000000000000000e+00
5.740000000000000000e+02 0.000000000000000000e+00
5.760000000000000000e+02 0.000000000000000000e+00
5.780000000000000000e+02 0.000000000000000000e+00
5.800000000000000000e+02 0.000000000000000000e+00
5.820000000000000000e+02 0.000000000000000000e+00
5.840000000000000000e+02 0.000000000000000000e+00
5.860000000000000000e+02 0.000000000000000000e+00
5.880000000000000000e+02 0.000000000000000000e+00
5.900000000000000000e+02 0.000000000000000000e+00
5.920000000000000000e+02 0.000000000000000000e+00
5.940000000000000000e+02 0.000000000000000000e+00
5.960000000000000000e+02 0.000000000000000000e+00
5.980000000000000000e+02 0.000000000000000000e+00
6.000000000000000000e+02 0.000000000000000000e+00
6.020000000000000000e+02 0.000000000000000000e+00
6.040000000000000000e+02 0.000000000000000000e+00
6.060000000000000000e+02 0.000000000000000000e+00
6.080000000000000000e+02 0.000000000000000000e+00
6.100000000000000000e+02 0.000000000000000000e+00
6.120000000000000000e+02 0.000000000000000000e+00
6.140000000000000000e+02 0.000000000000000000e+00
6.160000000000000000e+02 0.000000000000000000e+00
6.180000000000000000e+02 0.000000000000000000e+00
6.200000000000000000e+02 0.000000000000000000e+00
6.220000000000000000e+02 0.000000000000000000e+00
6.240000000000000000e+02 0.000000000000000000e+00
6.260000000000000000e+02 0.000000000000000000e+00
6.280000000000000000e+02 0.000000000000000000e+00
6.300000000000000000e+02 0.000000000000000000e+00
6.320000000000000000e+02 0.000000000000000000e+00
6.340000000000000000e+02 0.000000000000000000e+00
6.360000000000000000e+02 0.000000000000000000e+00
6.380000000000000000e+02 0.000000000000000000e+00
6.400000000000000000e+02 0.000000000000000000e+00
6.420000000000000000e+02 0.000000000000000000e+00
6.440000000000000000e+02 0.000000000000000000e+00
6.460000000000000000e+02 0.000000000000000000e+00
6.480000000000000000e+02 0.000000000000000000e+00
6.500000000000000000e+02 0.000000000000000000e+00
6.520000000000000000e+02 0.000000000000000000e+00
6.540000000000000000e+02 0.000000000000000000e+00
6.560000000000000000e+02 0.000000000000000000e+00
6.580000000000000000e+02 0.000000000000000000e+00
6.600000000000000000e+02 0.000000000000000000e+00
6.620000000000000000e+02 0.000000000000000000e+00
6.640000000000000000e+02 0.000000000000000000e+00
6.660000000000000000e+02 0.000000000000000000e+00
6.680000000000000000e+02 0.000000000000000000e+00
6.700000000000000000e+02 0.000000000000000000e+00
6.720000000000000000e+02 0.000000000000000000e+00
6.740000000000000000e+02 0.000000000000000000e+00
6.760000000000000000e+02 0.000000000000000000e+00
6.780000000000000000e+02 0.000000000000000000e+00
6.800000000000000000e+02 0.000000000000000000e+00
6.820000000000000000e+02 0.000000000000000000e+00
6.840000000000000000e+02 0.000000000000000000e+00
6.860000000000000000e+02 0.000000000000000000e+00
6.880000000000000000e+02 0.000000000000000000e+00
6.900000000000000000e+02 0.000000000000000000e+00
6.920000000000000000e+02 0.000000000000000000e+00
6.940000000000000000e+02 0.000000000000000000e+00
6.960000000000000000e+02 0.000000000000000000e+00
6.980000000000000000e+02 0.000000000000000000e+00
7.000000000000000000e+02 0.000000000000000000e+00
7.020000000000000000e+02 0.000000000000000000e+00
7.040000000000000000e+02 0.000000000000000000e+00
7.060000000000000000e+02 0.000000000000000000e+00
7.080000000000000000e+02 0.000000000000000000e+00
7.100000000000000000e+02 0.000000000000000000e+00
7.120000000000000000e+02 0.000000000000000000e+00
7.140000000000000000e+02 0.000000000000000000e+00
7.160000000000000000e+02 0.000000000000000000e+00
7.180000000000000000e+02 0.000000000000000000e+00
7.200000000000000000e+02 0.000000000000000000e+00
7.220000000000000000e+02 0.000000000000000000e+00
7.240000000000000000e+02 0.000000000000000000e+00
7.260000000000000000e+02 0.000000000000000000e+00
7.280000000000000000e+02 0.000000000000000000e+00
7.300000000000000000e+02 0.000000000000000000e+00
7.320000000000000000e+02 0.000000000000000000e+00
7.340000000000000000e+02 0.000000000000000000e+00
7.360000000000000000e+02 0.000000000000000000e+00
7.380000000000000000e+02 0.000000000000000000e+00
7.400000000000000000e+02 0.000000000000000000e+00
7.420000000000000000e+02 0.000000000000000000e+00
7.440000000000000000e+02 0.000000000000000000e+00
7.460000000000000000e+02 0.000000000000000000e+00
7.480000000000000000e+02 0.000000000000000000e+00
7.500000000000000000e+02 0.000000000000000000e+00
7.520000000000000000e+02 0.000000000000000000e+00
7.540000000000000000e+02 0.000000000000000000e+00
7.560000000000000000e+02 0.000000000000000000e+00
7.580000000000000000e+02 0.000000000000000000e+00
7.600000000000000000e+02 0.000000000000000000e+00
7.620000000000000000e+02 0.000000000000000000e+00
7.640000000000000000e+02 0.000000000000000000e+00
7.660000000000000000e+02 0.000000000000000000e+00
7.680000000000000000e+02 0.000000000000000000e+00
7.700000000000000000e+02 0.000000000000000000e+00
7.720000000000000000e+02 0.000000000000000000e+00
7.740000000000000000e+02 0.000000000000000000e+00
7.760000000000000000e+02 0.000000000000000000e+00
7.780000000000000000e+02 0.000000000000000000e+00
7.800000000000000000e+02 0.000000000000000000e+00
7.820000000000000000e+02 0.000000000000000000e+00
7.840000000000000000e+02 0.000000000000000000e+00
7.860000000000000000e+02 0.000000000000000000e+00
7.880000000000000000e+02 0.000000000000000000e+00
7.900000000000000000e+02 0.000000000000000000e+00
7.920000000000000000e+02 0.000000000000000000e+00
7.940000000000000000e+02 0.000000000000000000e+00
7.960000000000000000e+02 0.000000000000000000e+00
7.980000000000000000e+02 0.000000000000000000e+00
