-8.000000000000000000e+02 0.000000000000000000e+00
-7.980000000000000000e+02 0.000000000000000000e+00
-7.960000000000000000e+02 0.000000000000000000e+00
-7.940000000000000000e+02 0.000000000000000000e+00
-7.920000000000000000e+02 0.000000000000000000e+00
-7.900000000000000000e+02 0.000000000000000000e+00
-7.880000000000000000e+02 0.000000000000000000e+00
-7.860000000000000000e+02 0.000000000000000000e+00
-7.840000000000000000e+02 0.000000000000000000e+00
-7.820000000000000000e+02 0.000000000000000000e+00
-7.800000000000000000e+02 0.000000000000000000e+00
-7.780000000000000000e+02 0.000000000000000000e+00
-7.760000000000000000e+02 0.000000000000000000e+00
-7.740000000000000000e+02 0.000000000000000000e+00
-7.720000000000000000e+02 0.000000000000000000e+00
-7.700000000000000000e+02 0.000000000000000000e+00
-7.680000000000000000e+02 0.000000000000000000e+00
-7.660000000000000000e+02 0.000000000000000000e+00
-7.640000000000000000e+02 0.000000000000000000e+00
-7.620000000000000000e+02 0.000000000000000000e+00
-7.600000000000000000e+02 0.000000000000000000e+00
-7.580000000000000000e+02 0.000000000000000000e+00
-7.560000000000000000e+02 0.000000000000000000e+00
-7.540000000000000000e+02 0.000000000000000000e+00
-7.520000000000000000e+02 0.000000000000000000e+00
-7.500000000000000000e+02 0.000000000000000000e+00
-7.480000000000000000e+02 0.000000000000000000e+00
-7.460000000000000000e+02 0.000000000000000000e+00
-7.440000000000000000e+02 0.000000000000000000e+00
-7.420000000000000000e+02 0.000000000000000000e+00
-7.400000000000000000e+02 0.000000000000000000e+00
-7.380000000000000000e+02 0.000000000000000000e+00
-7.360000000000000000e+02 0.000000000000000000e+00
-7.340000000000000000e+02 0.000000000000000000e+00
-7.320000000000000000e+02 0.000000000000000000e+00
-7.300000000000000000e+02 0.000000000000000000e+00
-7.280000000000000000e+02 0.000000000000000000e+00
-7.260000000000000000e+02 0.000000000000000000e+00
-7.240000000000000000e+02 0.000000000000000000e+00
-7.220000000000000000e+02 0.000000000000000000e+00
-7.200000000000000000e+02 0.000000000000000000e+00
-7.180000000000000000e+02 0.000000000000000000e+00
-7.160000000000000000e+02 0.000000000000000000e+00
-7.140000000000000000e+02 0.000000000000000000e+00
-7.120000000000000000e+02 0.000000000000000000e+00
-7.100000000000000000e+02 0.000000000000000000e+00
-7.080000000000000000e+02 0.000000000000000000e+00
-7.060000000000000000e+02 0.000000000000000000e+00
-7.040000000000000000e+02 0.000000000000000000e+00
-7.020000000000000000e+02 0.000000000000000000e+00
-7.000000000000000000e+02 0.000000000000000000e+00
-6.980000000000000000e+02 0.000000000000000000e+00
-6.960000000000000000e+02 0.000000000000000000e+00
-6.940000000000000000e+02 0.000000000000000000e+00
-6.920000000000000000e+02 0.000000000000000000e+00
-6.900000000000000000e+02 0.000000000000000000e+00
-6.880000000000000000e+02 0.000000000000000000e+00
-6.860000000000000000e+02 0.000000000000000000e+00
-6.840000000000000000e+02 0.000000000000000000e+00
-6.820000000000000000e+02 0.000000000000000000e+00
-6.800000000000000000e+02 0.000000000000000000e+00
-6.780000000000000000e+02 0.000000000000000000e+00
-6.760000000000000000e+02 0.000000000000000000e+00
-6.740000000000000000e+02 0.000000000000000000e+00
-6.720000000000000000e+02 0.000000000000000000e+00
-6.700000000000000000e+02 0.000000000000000000e+00
-6.680000000000000000e+02 0.000000000000000000e+00
-6.660000000000000000e+02 0.000000000000000000e+00
-6.640000000000000000e+02 0.000000000000000000e+00
-6.620000000000000000e+02 0.000000000000000000e+00
-6.600000000000000000e+02 0.000000000000000000e+00
-6.580000000000000000e+02 0.000000000000000000e+00
-6.560000000000000000e+02 0.000000000000000000e+00
-6.540000000000000000e+02 0.000000000000000000e+00
-6.520000000000000000e+02 0.000000000000000000e+00
-6.500000000000000000e+02 0.000000000000000000e+00
-6.480000000000000000e+02 0.000000000000000000e+00
-6.460000000000000000e+02 0.000000000000000000e+00
-6.440000000000000000e+02 0.000000000000000000e+00
-6.420000000000000000e+02 0.000000000000000000e+00
-6.400000000000000000e+02 0.000000000000000000e+00
-6.380000000000000000e+02 0.000000000000000000e+00
-6.360000000000000000e+02 0.000000000000000000e+00
-6.340000000000000000e+02 0.000000000000000000e+00
-6.320000000000000000e+02 0.000000000000000000e+00
-6.300000000000000000e+02 0.000000000000000000e+00
-6.280000000000000000e+02 0.000000000000000000e+00
-6.260000000000000000e+02 0.000000000000000000e+00
-6.240000000000000000e+02 0.000000000000000000e+00
-6.220000000000000000e+02 0.000000000000000000e+00
-6.200000000000000000e+02 0.000000000000000000e+00
-6.180000000000000000e+02 0.000000000000000000e+00
-6.160000000000000000e+02 0.000000000000000000e+00
-6.140000000000000000e+02 0.000000000000000000e+00
-6.120000000000000000e+02 0.000000000000000000e+00
-6.100000000000000000e+02 0.000000000000000000e+00
-6.080000000000000000e+02 0.000000000000000000e+00
-6.060000000000000000e+02 0.000000000000000000e+00
-6.040000000000000000e+02 0.000000000000000000e+00
-6.020000000000000000e+02 0.000000000000000000e+00
-6.000000000000000000e+02 0.000000000000000000e+00
-5.980000000000000000e+02 0.000000000000000000e+00
-5.960000000000000000e+02 0.000000000000000000e+00
-5.940000000000000000e+02 0.000000000000000000e+00
-5.920000000000000000e+02 0.000000000000000000e+00
-5.900000000000000000e+02 0.000000000000000000e+00
-5.880000000000000000e+02 0.000000000000000000e+00
-5.860000000000000000e+02 0.000000000000000000e+00
-5.840000000000000000e+02 0.000000000000000000e+00
-5.820000000000000000e+02 0.000000000000000000e+00
-5.800000000000000000e+02 0.000000000000000000e+00
-5.780000000000000000e+02 0.000000000000000000e+00
-5.760000000000000000e+02 0.000000000000000000e+00
-5.740000000000000000e+02 0.000000000000000000e+00
-5.720000000000000000e+02 0.000000000000000000e+00
-5.700000000000000000e+02 0.000000000000000000e+00
-5.680000000000000000e+02 0.000000000000000000e+00
-5.660000000000000000e+02 0.000000000000000000e+00
-5.640000000000000000e+02 0.000000000000000000e+00
-5.620000000000000000e+02 0.000000000000000000e+00
-5.600000000000000000e+02 0.000000000000000000e+00
-5.580000000000000000e+02 0.000000000000000000e+00
-5.560000000000000000e+02 0.000000000000000000e+00
-5.540000000000000000e+02 0.000000000000000000e+00
-5.520000000000000000e+02 0.000000000000000000e+00
-5.500000000000000000e+02 0.000000000000000000e+00
-5.480000000000000000e+02 0.000000000000000000e+00
-5.460000000000000000e+02 0.000000000000000000e+00
-5.440000000000000000e+02 0.000000000000000000e+00
-5.420000000000000000e+02 0.000000000000000000e+00
-5.400000000000000000e+02 0.000000000000000000e+00
-5.380000000000000000e+02 0.000000000000000000e+00
-5.360000000000000000e+02 0.000000000000000000e+00
-5.340000000000000000e+02 0.000000000000000000e+00
-5.320000000000000000e+02 0.000000000000000000e+00
-5.300000000000000000e+02 0.000000000000000000e+00
-5.280000000000000000e+02 0.000000000000000000e+00
-5.260000000000000000e+02 0.000000000000000000e+00
-5.240000000000000000e+02 0.000000000000000000e+00
-5.220000000000000000e+02 0.000000000000000000e+00
-5.200000000000000000e+02 0.000000000000000000e+00
-5.180000000000000000e+02 0.000000000000000000e+00
-5.160000000000000000e+02 0.000000000000000000e+00
-5.140000000000000000e+02 0.000000000000000000e+00
-5.120000000000000000e+02 0.000000000000000000e+00
-5.100000000000000000e+02 0.000000000000000000e+00
-5.080000000000000000e+02 0.000000000000000000e+00
-5.060000000000000000e+02 0.000000000000000000e+00
-5.040000000000000000e+02 0.000000000000000000e+00
-5.020000000000000000e+02 0.000000000000000000e+00
-5.000000000000000000e+02 0.000000000000000000e+00
-4.980000000000000000e+02 0.000000000000000000e+00
-4.960000000000000000e+02 0.000000000000000000e+00
-4.940000000000000000e+02 0.000000000000000000e+00
-4.920000000000000000e+02 0.000000000000000000e+00
-4.900000000000000000e+02 0.000000000000000000e+00
-4.880000000000000000e+02 0.000000000000000000e+00
-4.860000000000000000e+02 0.000000000000000000e+00
-4.840000000000000000e+02 0.000000000000000000e+00
-4.820000000000000000e+02 0.000000000000000000e+00
-4.800000000000000000e+02 0.000000000000000000e+00
-4.780000000000000000e+02 0.000000000000000000e+00
-4.760000000000000000e+02 0.000000000000000000e+00
-4.740000000000000000e+02 0.000000000000000000e+00
-4.720000000000000000e+02 0.000000000000000000e+00
-4.700000000000000000e+02 0.000000000000000000e+00
-4.680000000000000000e+02 0.000000000000000000e+00
-4.660000000000000000e+02 0.000000000000000000e+00
-4.640000000000000000e+02 0.000000000000000000e+00
-4.620000000000000000e+02 0.000000000000000000e+00
-4.600000000000000000e+02 0.000000000000000000e+00
-4.580000000000000000e+02 0.000000000000000000e+00
-4.560000000000000000e+02 0.000000000000000000e+00
-4.540000000000000000e+02 0.000000000000000000e+00
-4.520000000000000000e+02 0.000000000000000000e+00
-4.500000000000000000e+02 0.000000000000000000e+00
-4.480000000000000000e+02 0.000000000000000000e+00
-4.460000000000000000e+02 0.000000000000000000e+00
-4.440000000000000000e+02 0.000000000000000000e+00
-4.420000000000000000e+02 0.000000000000000000e+00
-4.400000000000000000e+02 0.000000000000000000e+00
-4.380000000000000000e+02 0.000000000000000000e+00
-4.360000000000000000e+02 0.000000000000000000e+00
-4.340000000000000000e+02 0.000000000000000000e+00
-4.320000000000000000e+02 0.000000000000000000e+00
-4.300000000000000000e+02 0.000000000000000000e+00
-4.280000000000000000e+02 0.000000000000000000e+00
-4.260000000000000000e+02 0.000000000000000000e+00
-4.240000000000000000e+02 0.000000000000000000e+00
-4.220000000000000000e+02 0.000000000000000000e+00
-4.200000000000000000e+02 0.000000000000000000e+00
-4.180000000000000000e+02 0.000000000000000000e+00
-4.160000000000000000e+02 0.000000000000000000e+00
-4.140000000000000000e+02 0.000000000000000000e+00
-4.120000000000000000e+02 0.000000000000000000e+00
-4.100000000000000000e+02 0.000000000000000000e+00
-4.080000000000000000e+02 0.000000000000000000e+00
-4.060000000000000000e+02 0.000000000000000000e+00
-4.040000000000000000e+02 0.000000000000000000e+00
-4.020000000000000000e+02 0.000000000000000000e+00
-4.000000000000000000e+02 0.000000000000000000e+00
-3.980000000000000000e+02 0.000000000000000000e+00
-3.960000000000000000e+02 0.000000000000000000e+00
-3.940000000000000000e+02 0.000000000000000000e+00
-3.920000000000000000e+02 0.000000000000000000e+00
-3.900000000000000000e+02 0.000000000000000000e+00
-3.880000000000000000e+02 0.000000000000000000e+00
-3.860000000000000000e+02 0.000000000000000000e+00
-3.840000000000000000e+02 0.000000000000000000e+00
-3.820000000000000000e+02 0.000000000000000000e+00
-3.800000000000000000e+02 0.000000000000000000e+00
-3.780000000000000000e+02 0.000000000000000000e+00
-3.760000000000000000e+02 0.000000000000000000e+00
-3.740000000000000000e+02 0.000000000000000000e+00
-3.720000000000000000e+02 0.000000000000000000e+00
-3.700000000000000000e+02 0.000000000000000000e+00
-3.680000000000000000e+02 0.000000000000000000e+00
-3.660000000000000000e+02 0.000000000000000000e+00
-3.640000000000000000e+02 0.000000000000000000e+00
-3.620000000000000000e+02 0.000000000000000000e+00
-3.600000000000000000e+02 0.000000000000000000e+00
-3.580000000000000000e+02 0.000000000000000000e+00
-3.560000000000000000e+02 0.000000000000000000e+00
-3.540000000000000000e+02 0.000000000000000000e+00
-3.520000000000000000e+02 0.000000000000000000e+00
-3.500000000000000000e+02 0.000000000000000000e+00
-3.480000000000000000e+02 0.000000000000000000e+00
-3.460000000000000000e+02 0.000000000000000000e+00
-3.440000000000000000e+02 0.000000000000000000e+00
-3.420000000000000000e+02 0.000000000000000000e+00
-3.400000000000000000e+02 0.000000000000000000e+00
-3.380000000000000000e+02 0.000000000000000000e+00
-3.360000000000000000e+02 0.000000000000000000e+00
-3.340000000000000000e+02 0.000000000000000000e+00
-3.320000000000000000e+02 0.000000000000000000e+00
-3.300000000000000000e+02 0.000000000000000000e+00
-3.280000000000000000e+02 0.000000000000000000e+00
-3.260000000000000000e+02 0.000000000000000000e+00
-3.240000000000000000e+02 0.000000000000000000e+00
-3.220000000000000000e+02 0.000000000000000000e+00
-3.200000000000000000e+02 0.000000000000000000e+00
-3.180000000000000000e+02 0.000000000000000000e+00
-3.160000000000000000e+02 0.000000000000000000e+00
-3.140000000000000000e+02 0.000000000000000000e+00
-3.120000000000000000e+02 0.000000000000000000e+00
-3.100000000000000000e+02 0.000000000000000000e+00
-3.080000000000000000e+02 0.000000000000000000e+00
-3.060000000000000000e+02 0.000000000000000000e+00
-3.040000000000000000e+02 0.000000000000000000e+00
-3.020000000000000000e+02 0.000000000000000000e+00
-3.000000000000000000e+02 0.000000000000000000e+00
-2.980000000000000000e+02 0.000000000000000000e+00
-2.960000000000000000e+02 0.000000000000000000e+00
-2.940000000000000000e+02 0.000000000000000000e+00
-2.920000000000000000e+02 0.000000000000000000e+00
-2.900000000000000000e+02 0.000000000000000000e+00
-2.880000000000000000e+02 0.000000000000000000e+00
-2.860000000000000000e+02 0.000000000000000000e+00
-2.840000000000000000e+02 0.000000000000000000e+00
-2.820000000000000000e+02 0.000000000000000000e+00
-2.800000000000000000e+02 0.000000000000000000e+00
-2.780000000000000000e+02 0.000000000000000000e+00
-2.760000000000000000e+02 0.000000000000000000e+00
-2.740000000000000000e+02 0.000000000000000000e+00
-2.720000000000000000e+02 0.000000000000000000e+00
-2.700000000000000000e+02 0.000000000000000000e+00
-2.680000000000000000e+02 0.000000000000000000e+00
-2.660000000000000000e+02 0.000000000000000000e+00
-2.640000000000000000e+02 0.000000000000000000e+00
-2.620000000000000000e+02 0.000000000000000000e+00
-2.600000000000000000e+02 0.000000000000000000e+00
-2.580000000000000000e+02 0.000000000000000000e+00
-2.560000000000000000e+02 0.000000000000000000e+00
-2.540000000000000000e+02 0.000000000000000000e+00
-2.520000000000000000e+02 0.000000000000000000e+00
-2.500000000000000000e+02 0.000000000000000000e+00
-2.480000000000000000e+02 0.000000000000000000e+00
-2.460000000000000000e+02 0.000000000000000000e+00
-2.440000000000000000e+02 0.000000000000000000e+00
-2.420000000000000000e+02 0.000000000000000000e+00
-2.400000000000000000e+02 0.000000000000000000e+00
-2.380000000000000000e+02 0.000000000000000000e+00
-2.360000000000000000e+02 4.513098929641125068e+01
-2.340000000000000000e+02 1.608155152223305322e+02
-2.320000000000000000e+02 1.495713497933337521e+02
-2.300000000000000000e+02 1.195671086668330219e+02
-2.280000000000000000e+02 1.015237083339800250e+02
-2.260000000000000000e+02 8.992823565394903085e+01
-2.240000000000000000e+02 8.160474161796395265e+01
-2.220000000000000000e+02 7.532692618395851980e+01
-2.200000000000000000e+02 7.044935512169463721e+01
-2.180000000000000000e+02 6.632967500490572377e+01
-2.160000000000000000e+02 6.300766535619587927e+01
-2.140000000000000000e+02 6.010323445109160900e+01
-2.120000000000000000e+02 5.770311824697930803e+01
-2.100000000000000000e+02 5.557950598330563707e+01
-2.080000000000000000e+02 5.367400286329624493e+01
-2.060000000000000000e+02 5.184811258614241325e+01
-2.040000000000000000e+02 5.053229534564104597e+01
-2.020000000000000000e+02 4.896162852331141124e+01
-2.000000000000000000e+02 4.799240409704520971e+01
-1.980000000000000000e+02 4.660064862971076849e+01
-1.960000000000000000e+02 4.550982927572111691e+01
-1.940000000000000000e+02 4.481394597108856459e+01
-1.920000000000000000e+02 4.378020785384841673e+01
-1.900000000000000000e+02 4.296608436984626422e+01
-1.880000000000000000e+02 4.225284765975121815e+01
-1.860000000000000000e+02 4.140170564808653353e+01
-1.840000000000000000e+02 4.093629382018914953e+01
-1.820000000000000000e+02 4.021917361341579777e+01
-1.800000000000000000e+02 3.962273889545581795e+01
-1.780000000000000000e+02 3.909073769294776923e+01
-1.760000000000000000e+02 3.856454846760160393e+01
-1.740000000000000000e+02 3.812767787321451607e+01
-1.720000000000000000e+02 3.754474388687036424e+01
-1.700000000000000000e+02 3.725826818739955115e+01
-1.680000000000000000e+02 3.674469359256439560e+01
-1.660000000000000000e+02 3.641864259921754154e+01
-1.640000000000000000e+02 3.606002205532510629e+01
-1.620000000000000000e+02 3.567131766936591220e+01
-1.600000000000000000e+02 3.534016862652504898e+01
-1.580000000000000000e+02 3.500828912242384661e+01
-1.560000000000000000e+02 3.472525203409624339e+01
-1.540000000000000000e+02 3.445231295496914470e+01
-1.520000000000000000e+02 3.411493681182319904e+01
-1.500000000000000000e+02 3.400010603688753008e+01
-1.480000000000000000e+02 3.376249250930087697e+01
-1.460000000000000000e+02 3.339418872681359574e+01
-1.440000000000000000e+02 3.317945937969426495e+01
-1.420000000000000000e+02 3.315667005855960525e+01
-1.400000000000000000e+02 3.270409234196888093e+01
-1.380000000000000000e+02 3.268694488227330197e+01
-1.360000000000000000e+02 3.251001376198977511e+01
-1.340000000000000000e+02 3.220480550571486589e+01
-1.320000000000000000e+02 3.198540846295952988e+01
-1.300000000000000000e+02 3.190926546626629445e+01
-1.280000000000000000e+02 3.217382550805043451e+01
-1.260000000000000000e+02 3.142603032786000483e+01
-1.240000000000000000e+02 3.148959800447566693e+01
-1.220000000000000000e+02 3.136033789580867293e+01
-1.200000000000000000e+02 3.130016098666521174e+01
-1.180000000000000000e+02 3.113126589135110933e+01
-1.160000000000000000e+02 3.107029956809023119e+01
-1.140000000000000000e+02 3.092996309779032771e+01
-1.120000000000000000e+02 3.082356843520513578e+01
-1.100000000000000000e+02 3.074752789559334332e+01
-1.080000000000000000e+02 3.073272947430740487e+01
-1.060000000000000000e+02 3.056334583279440409e+01
-1.040000000000000000e+02 3.050727131441111339e+01
-1.020000000000000000e+02 3.059987515949750403e+01
-1.000000000000000000e+02 3.020523056073441026e+01
-9.800000000000000000e+01 3.043283077825021721e+01
-9.600000000000000000e+01 3.021807038080528329e+01
-9.400000000000000000e+01 3.029244092986570180e+01
-9.200000000000000000e+01 3.004045350289244709e+01
-9.000000000000000000e+01 3.028582029057507086e+01
-8.800000000000000000e+01 3.000560264677394784e+01
-8.600000000000000000e+01 3.006886262575917712e+01
-8.400000000000000000e+01 3.012018911906211827e+01
-8.200000000000000000e+01 3.004866928060748421e+01
-8.000000000000000000e+01 2.997636430074492964e+01
-7.800000000000000000e+01 3.000732835457711190e+01
-7.600000000000000000e+01 2.999399798864971345e+01
-7.400000000000000000e+01 2.994270142360350206e+01
-7.200000000000000000e+01 3.000982324032740678e+01
-7.000000000000000000e+01 2.986994815144079496e+01
-6.800000000000000000e+01 3.002737736811176106e+01
-6.600000000000000000e+01 3.001876471591845785e+01
-6.400000000000000000e+01 3.001783820852267581e+01
-6.200000000000000000e+01 2.994293393692360183e+01
-6.000000000000000000e+01 3.012385760474606045e+01
-5.800000000000000000e+01 2.999062452111525801e+01
-5.600000000000000000e+01 3.018859740568417394e+01
-5.400000000000000000e+01 3.014419697511133123e+01
-5.200000000000000000e+01 3.017938066822846110e+01
-5.000000000000000000e+01 3.028103647216472183e+01
-4.800000000000000000e+01 3.023838396477567869e+01
-4.600000000000000000e+01 3.030681899382687305e+01
-4.400000000000000000e+01 3.038320241108967323e+01
-4.200000000000000000e+01 3.040687365728732772e+01
-4.000000000000000000e+01 3.056483382466325338e+01
-3.800000000000000000e+01 3.054099802321223223e+01
-3.600000000000000000e+01 3.070060645086941875e+01
-3.400000000000000000e+01 3.074867373867207476e+01
-3.200000000000000000e+01 3.085521453174228768e+01
-3.000000000000000000e+01 3.080851569335383289e+01
-2.800000000000000000e+01 3.108627682323253438e+01
-2.600000000000000000e+01 3.109992032817856966e+01
-2.400000000000000000e+01 3.114279893016401601e+01
-2.200000000000000000e+01 3.134672986405658435e+01
-2.000000000000000000e+01 3.136364195942357824e+01
-1.800000000000000000e+01 3.161300342197297297e+01
-1.600000000000000000e+01 3.166121460263477161e+01
-1.400000000000000000e+01 3.176796187969295815e+01
-1.200000000000000000e+01 3.193648711668453899e+01
-1.000000000000000000e+01 3.209129216804814178e+01
-8.000000000000000000e+00 3.218613853738421682e+01
-6.000000000000000000e+00 3.235960312894690816e+01
-4.000000000000000000e+00 3.261458113091985211e+01
-2.000000000000000000e+00 3.261068471145122771e+01
0.000000000000000000e+00 3.279653570226513182e+01
2.000000000000000000e+00 3.310021298800121059e+01
4.000000000000000000e+00 3.326877988065511005e+01
6.000000000000000000e+00 3.345715294630056036e+01
8.000000000000000000e+00 3.370079487191483025e+01
1.000000000000000000e+01 3.390432354756948996e+01
1.200000000000000000e+01 3.411359099525261485e+01
1.400000000000000000e+01 3.434809304963121690e+01
1.600000000000000000e+01 3.451386920210735809e+01
1.800000000000000000e+01 3.489840066206392777e+01
2.000000000000000000e+01 3.500310287667495146e+01
2.200000000000000000e+01 3.530862197575742556e+01
2.400000000000000000e+01 3.566635037254003748e+01
2.600000000000000000e+01 3.583872163694753965e+01
2.800000000000000000e+01 3.622301721484274140e+01
3.000000000000000000e+01 3.647278408594232246e+01
3.200000000000000000e+01 3.679883720699881167e+01
3.400000000000000000e+01 3.704892830075932864e+01
3.600000000000000000e+01 3.749311549393649301e+01
3.800000000000000000e+01 3.771974544077485803e+01
4.000000000000000000e+01 3.816695157447870912e+01
4.200000000000000000e+01 3.849743590471131682e+01
4.400000000000000000e+01 3.899671740767249872e+01
4.600000000000000000e+01 3.921532788578590356e+01
4.800000000000000000e+01 3.974220433551911924e+01
5.000000000000000000e+01 4.010274450695522575e+01
5.200000000000000000e+01 4.061294330711530165e+01
5.400000000000000000e+01 4.115220571096313051e+01
5.600000000000000000e+01 4.159711380513773804e+01
5.800000000000000000e+01 4.202279809879396311e+01
6.000000000000000000e+01 4.273669000419548070e+01
6.200000000000000000e+01 4.313067179378010962e+01
6.400000000000000000e+01 4.375632808539433682e+01
6.600000000000000000e+01 4.435530503215155562e+01
6.800000000000000000e+01 4.511680883758717187e+01
7.000000000000000000e+01 4.559092563596310299e+01
7.200000000000000000e+01 4.635052348313215731e+01
7.400000000000000000e+01 4.706119589933493330e+01
7.600000000000000000e+01 4.797886567371360655e+01
7.800000000000000000e+01 4.850608234907276994e+01
8.000000000000000000e+01 4.961078845888540201e+01
8.200000000000000000e+01 5.041635959984191118e+01
8.400000000000000000e+01 5.134384329079534837e+01
8.600000000000000000e+01 5.233751809055113569e+01
8.800000000000000000e+01 5.339259446862227065e+01
9.000000000000000000e+01 5.448580308124366667e+01
9.200000000000000000e+01 5.572634771237292739e+01
9.400000000000000000e+01 5.708795075410247932e+01
9.600000000000000000e+01 5.809557086896266043e+01
9.800000000000000000e+01 5.977906860092326724e+01
1.000000000000000000e+02 6.129986683212323584e+01
1.020000000000000000e+02 6.304058792165032798e+01
1.040000000000000000e+02 6.466404963818411034e+01
1.060000000000000000e+02 6.676962358729500124e+01
1.080000000000000000e+02 6.882999002630810992e+01
1.100000000000000000e+02 7.106667074085945046e+01
1.120000000000000000e+02 7.364905379395899843e+01
1.140000000000000000e+02 7.634635792875026539e+01
1.160000000000000000e+02 7.943413118268314577e+01
1.180000000000000000e+02 8.294164921156226455e+01
1.200000000000000000e+02 8.685767542814321018e+01
1.220000000000000000e+02 9.125044531436824968e+01
1.240000000000000000e+02 9.636489137589556719e+01
1.260000000000000000e+02 1.023657186955897203e+02
1.280000000000000000e+02 1.093674274344045756e+02
1.300000000000000000e+02 1.179513766785113660e+02
1.320000000000000000e+02 1.289109530989345842e+02
1.340000000000000000e+02 1.429633057283967048e+02
1.360000000000000000e+02 1.626754504578136391e+02
1.380000000000000000e+02 1.926603958142314355e+02
1.400000000000000000e+02 2.475394791634188607e+02
1.420000000000000000e+02 3.385345189199477431e+02
1.440000000000000000e+02 9.196702184590978391e+01
1.460000000000000000e+02 0.000000000000000000e+00
1.480000000000000000e+02 0.000000000000000000e+00
1.500000000000000000e+02 0.000000000000000000e+00
1.520000000000000000e+02 0.000000000000000000e+00
1.540000000000000000e+02 0.000000000000000000e+00
1.560000000000000000e+02 0.000000000000000000e+00
1.580000000000000000e+02 0.000000000000000000e+00
1.600000000000000000e+02 0.000000000000000000e+00
1.620000000000000000e+02 0.000000000000000000e+00
1.640000000000000000e+02 0.000000000000000000e+00
1.660000000000000000e+02 0.000000000000000000e+00
1.680000000000000000e+02 0.000000000000000000e+00
1.700000000000000000e+02 0.000000000000000000e+00
1.720000000000000000e+02 0.000000000000000000e+00
1.740000000000000000e+02 0.000000000000000000e+00
1.760000000000000000e+02 0.000000000000000000e+00
1.780000000000000000e+02 0.000000000000000000e+00
1.800000000000000000e+02 0.000000000000000000e+00
1.820000000000000000e+02 0.000000000000000000e+00
1.840000000000000000e+02 0.000000000000000000e+00
1.860000000000000000e+02 0.000000000000000000e+00
1.880000000000000000e+02 0.000000000000000000e+00
1.900000000000000000e+02 0.000000000000000000e+00
1.920000000000000000e+02 0.000000000000000000e+00
1.940000000000000000e+02 0.000000000000000000e+00
1.960000000000000000e+02 0.000000000000000000e+00
1.980000000000000000e+02 0.000000000000000000e+00
2.000000000000000000e+02 0.000000000000000000e+00
2.020000000000000000e+02 0.000000000000000000e+00
2.040000000000000000e+02 0.000000000000000000e+00
2.060000000000000000e+02 0.000000000000000000e+00
2.080000000000000000e+02 0.000000000000000000e+00
2.100000000000000000e+02 0.000000000000000000e+00
2.120000000000000000e+02 0.000000000000000000e+00
2.140000000000000000e+02 0.000000000000000000e+00
2.160000000000000000e+02 0.000000000000000000e+00
2.180000000000000000e+02 0.000000000000000000e+00
2.200000000000000000e+02 0.000000000000000000e+00
2.220000000000000000e+02 0.000000000000000000e+00
2.240000000000000000e+02 0.000000000000000000e+00
2.260000000000000000e+02 0.000000000000000000e+00
2.280000000000000000e+02 0.000000000000000000e+00
2.300000000000000000e+02 0.000000000000000000e+00
2.320000000000000000e+02 0.000000000000000000e+00
2.340000000000000000e+02 0.000000000000000000e+00
2.360000000000000000e+02 0.000000000000000000e+00
2.380000000000000000e+02 0.000000000000000000e+00
2.400000000000000000e+02 0.000000000000000000e+00
2.420000000000000000e+02 0.000000000000000000e+00
2.440000000000000000e+02 0.000000000000000000e+00
2.460000000000000000e+02 0.000000000000000000e+00
2.480000000000000000e+02 0.000000000000000000e+00
2.500000000000000000e+02 0.000000000000000000e+00
2.520000000000000000e+02 0.000000000000000000e+00
2.540000000000000000e+02 0.000000000000000000e+00
2.560000000000000000e+02 0.000000000000000000e+00
2.580000000000000000e+02 0.000000000000000000e+00
2.600000000000000000e+02 0.000000000000000000e+00
2.620000000000000000e+02 0.000000000000000000e+00
2.640000000000000000e+02 0.000000000000000000e+00
2.660000000000000000e+02 0.000000000000000000e+00
2.680000000000000000e+02 0.000000000000000000e+00
2.700000000000000000e+02 0.000000000000000000e+00
2.720000000000000000e+02 0.000000000000000000e+00
2.740000000000000000e+02 0.000000000000000000e+00
2.760000000000000000e+02 0.000000000000000000e+00
2.780000000000000000e+02 0.000000000000000000e+00
2.800000000000000000e+02 0.000000000000000000e+00
2.820000000000000000e+02 0.000000000000000000e+00
2.840000000000000000e+02 0.000000000000000000e+00
2.860000000000000000e+02 0.000000000000000000e+00
2.880000000000000000e+02 0.000000000000000000e+00
2.900000000000000000e+02 0.000000000000000000e+00
2.920000000000000000e+02 0.000000000000000000e+00
2.940000000000000000e+02 0.000000000000000000e+00
2.960000000000000000e+02 0.000000000000000000e+00
2.980000000000000000e+02 0.000000000000000000e+00
3.000000000000000000e+02 0.000000000000000000e+00
3.020000000000000000e+02 0.000000000000000000e+00
3.040000000000000000e+02 0.000000000000000000e+00
3.060000000000000000e+02 0.000000000000000000e+00
3.080000000000000000e+02 0.000000000000000000e+00
3.100000000000000000e+02 0.000000000000000000e+00
3.120000000000000000e+02 0.000000000000000000e+00
3.140000000000000000e+02 0.000000000000000000e+00
3.160000000000000000e+02 0.000000000000000000e+00
3.180000000000000000e+02 0.000000000000000000e+00
3.200000000000000000e+02 0.000000000000000000e+00
3.220000000000000000e+02 0.000000000000000000e+00
3.240000000000000000e+02 0.000000000000000000e+00
3.260000000000000000e+02 0.000000000000000000e+00
3.280000000000000000e+02 0.000000000000000000e+00
3.300000000000000000e+02 0.000000000000000000e+00
3.320000000000000000e+02 0.000000000000000000e+00
3.340000000000000000e+02 0.000000000000000000e+00
3.360000000000000000e+02 0.000000000000000000e+00
3.380000000000000000e+02 0.000000000000000000e+00
3.400000000000000000e+02 0.000000000000000000e+00
3.420000000000000000e+02 0.000000000000000000e+00
3.440000000000000000e+02 0.000000000000000000e+00
3.460000000000000000e+02 0.000000000000000000e+00
3.480000000000000000e+02 0.000000000000000000e+00
3.500000000000000000e+02 0.000000000000000000e+00
3.520000000000000000e+02 0.000000000000000000e+00
3.540000000000000000e+02 0.000000000000000000e+00
3.560000000000000000e+02 0.000000000000000000e+00
3.580000000000000000e+02 0.000000000000000000e+00
3.600000000000000000e+02 0.000000000000000000e+00
3.620000000000000000e+02 0.000000000000000000e+00
3.640000000000000000e+02 0.000000000000000000e+00
3.660000000000000000e+02 0.000000000000000000e+00
3.680000000000000000e+02 0.000000000000000000e+00
3.700000000000000000e+02 0.000000000000000000e+00
3.720000000000000000e+02 0.000000000000000000e+00
3.740000000000000000e+02 0.000000000000000000e+00
3.760000000000000000e+02 0.000000000000000000e+00
3.780000000000000000e+02 0.000000000000000000e+00
3.800000000000000000e+02 0.000000000000000000e+00
3.820000000000000000e+02 0.000000000000000000e+00
3.840000000000000000e+02 0.000000000000000000e+00
3.860000000000000000e+02 0.000000000000000000e+00
3.880000000000000000e+02 0.000000000000000000e+00
3.900000000000000000e+02 0.000000000000000000e+00
3.920000000000000000e+02 0.000000000000000000e+00
3.940000000000000000e+02 0.000000000000000000e+00
3.960000000000000000e+02 0.000000000000000000e+00
3.980000000000000000e+02 0.000000000000000000e+00
4.000000000000000000e+02 0.000000000000000000e+00
4.020000000000000000e+02 0.000000000000000000e+00
4.040000000000000000e+02 0.000000000000000000e+00
4.060000000000000000e+02 0.000000000000000000e+00
4.080000000000000000e+02 0.000000000000000000e+00
4.100000000000000000e+02 0.000000000000000000e+00
4.120000000000000000e+02 0.000000000000000000e+00
4.140000000000000000e+02 0.000000000000000000e+00
4.160000000000000000e+02 0.000000000000000000e+00
4.180000000000000000e+02 0.000000000000000000e+00
4.200000000000000000e+02 0.000000000000000000e+00
4.220000000000000000e+02 0.000000000000000000e+00
4.240000000000000000e+02 0.000000000000000000e+00
4.260000000000000000e+02 0.000000000000000000e+00
4.280000000000000000e+02 0.000000000000000000e+00
4.300000000000000000e+02 0.000000000000000000e+00
4.320000000000000000e+02 0.000000000000000000e+00
4.340000000000000000e+02 0.000000000000000000e+00
4.360000000000000000e+02 0.000000000000000000e+00
4.380000000000000000e+02 0.000000000000000000e+00
4.400000000000000000e+02 0.000000000000000000e+00
4.420000000000000000e+02 0.000000000000000000e+00
4.440000000000000000e+02 0.000000000000000000e+00
4.460000000000000000e+02 0.000000000000000000e+00
4.480000000000000000e+02 0.000000000000000000e+00
4.500000000000000000e+02 0.000000000000000000e+00
4.520000000000000000e+02 0.000000000000000000e+00
4.540000000000000000e+02 0.000000000000000000e+00
4.560000000000000000e+02 0.000000000000000000e+00
4.580000000000000000e+02 0.000000000000000000e+00
4.600000000000000000e+02 0.000000000000000000e+00
4.620000000000000000e+02 0.000000000000000000e+00
4.640000000000000000e+02 0.000000000000000000e+00
4.660000000000000000e+02 0.000000000000000000e+00
4.680000000000000000e+02 0.000000000000000000e+00
4.700000000000000000e+02 0.000000000000000000e+00
4.720000000000000000e+02 0.000000000000000000e+00
4.740000000000000000e+02 0.000000000000000000e+00
4.760000000000000000e+02 0.000000000000000000e+00
4.780000000000000000e+02 0.000000000000000000e+00
4.800000000000000000e+02 0.000000000000000000e+00
4.820000000000000000e+02 0.000000000000000000e+00
4.840000000000000000e+02 0.000000000000000000e+00
4.860000000000000000e+02 0.000000000000000000e+00
4.880000000000000000e+02 0.000000000000000000e+00
4.900000000000000000e+02 0.000000000000000000e+00
4.920000000000000000e+02 0.000000000000000000e+00
4.940000000000000000e+02 0.000000000000000000e+00
4.960000000000000000e+02 0.000000000000000000e+00
4.980000000000000000e+02 0.000000000000000000e+00
5.000000000000000000e+02 0.000000000000000000e+00
5.020000000000000000e+02 0.000000000000000000e+00
5.040000000000000000e+02 0.000000000000000000e+00
5.060000000000000000e+02 0.000000000000000000e+00
5.080000000000000000e+02 0.000000000000000000e+00
5.100000000000000000e+02 0.000000000000000000e+00
5.120000000000000000e+02 0.000000000000000000e+00
5.140000000000000000e+02 0.000000000000000000e+00
5.160000000000000000e+02 0.000000000000000000e+00
5.180000000000000000e+02 0.000000000000000000e+00
5.200000000000000000e+02 0.000000000000000000e+00
5.220000000000000000e+02 0.000000000000000000e+00
5.240000000000000000e+02 0.000000000000000000e+00
5.260000000000000000e+02 0.000000000000000000e+00
5.280000000000000000e+02 0.000000000000000000e+00
5.300000000000000000e+02 0.000000000000000000e+00
5.320000000000000000e+02 0.000000000000000000e+00
5.340000000000000000e+02 0.000000000000000000e+00
5.360000000000000000e+02 0.000000000000000000e+00
5.380000000000000000e+02 0.000000000000000000e+00
5.400000000000000000e+02 0.000000000000000000e+00
5.420000000000000000e+02 0.000000000000000000e+00
5.440000000000000000e+02 0.000000000000000000e+00
5.460000000000000000e+02 0.000000000000000000e+00
5.480000000000000000e+02 0.000000000000000000e+00
5.500000000000000000e+02 0.000000000000000000e+00
5.520000000000000000e+02 0.000000000000000000e+00
5.540000000000000000e+02 0.000000000000000000e+00
5.560000000000000000e+02 0.000000000000000000e+00
5.580000000000000000e+02 0.000000000000000000e+00
5.600000000000000000e+02 0.000000000000000000e+00
5.620000000000000000e+02 0.000000000000000000e+00
5.640000000000000000e+02 0.000000000000000000e+00
5.660000000000000000e+02 0.000000000000000000e+00
5.680000000000000000e+02 0.000000000000000000e+00
5.700000000000000000e+02 0.000000000000000000e+00
5.720000000000000000e+02 0.000000000000000000e+00
5.740000000000000000e+02 0.000000000000000000e+00
5.760000000000000000e+02 0.000000000000000000e+00
5.780000000000000000e+02 0.000000000000000000e+00
5.800000000000000000e+02 0.000000000000000000e+00
5.820000000000000000e+02 0.000000000000000000e+00
5.840000000000000000e+02 0.000000000000000000e+00
5.860000000000000000e+02 0.000000000000000000e+00
5.880000000000000000e+02 0.000000000000000000e+00
5.900000000000000000e+02 0.000000000000000000e+00
5.920000000000000000e+02 0.000000000000000000e+00
5.940000000000000000e+02 0.000000000000000000e+00
5.960000000000000000e+02 0.000000000000000000e+00
5.980000000000000000e+02 0.000000000000000000e+00
6.000000000000000000e+02 0.000000000000000000e+00
6.020000000000000000e+02 0.000000000000000000e+00
6.040000000000000000e+02 0.000000000000000000e+00
6.060000000000000000e+02 0.000000000000000000e+00
6.080000000000000000e+02 0.000000000000000000e+00
6.100000000000000000e+02 0.000000000000000000e+00
6.120000000000000000e+02 0.000000000000000000e+00
6.140000000000000000e+02 0.000000000000000000e+00
6.160000000000000000e+02 0.000000000000000000e+00
6.180000000000000000e+02 0.000000000000000000e+00
6.200000000000000000e+02 0.000000000000000000e+00
6.220000000000000000e+02 0.000000000000000000e+00
6.240000000000000000e+02 0.000000000000000000e+00
6.260000000000000000e+02 0.000000000000000000e+00
6.280000000000000000e+02 0.000000000000000000e+00
6.300000000000000000e+02 0.000000000000000000e+00
6.320000000000000000e+02 0.000000000000000000e+00
6.340000000000000000e+02 0.000000000000000000e+00
6.360000000000000000e+02 0.000000000000000000e+00
6.380000000000000000e+02 0.000000000000000000e+00
6.400000000000000000e+02 0.000000000000000000e+00
6.420000000000000000e+02 0.000000000000000000e+00
6.440000000000000000e+02 0.000000000000000000e+00
6.460000000000000000e+02 0.000000000000000000e+00
6.480000000000000000e+02 0.000000000000000000e+00
6.500000000000000000e+02 0.000000000000000000e+00
6.520000000000000000e+02 0.000000000000000000e+00
6.540000000000000000e+02 0.000000000000000000e+00
6.560000000000000000e+02 0.000000000000000000e+00
6.580000000000000000e+02 0.000000000000000000e+00
6.600000000000000000e+02 0.000000000000000000e+00
6.620000000000000000e+02 0.000000000000000000e+00
6.640000000000000000e+02 0.000000000000000000e+00
6.660000000000000000e+02 0.000000000000000000e+00
6.680000000000000000e+02 0.000000000000000000e+00
6.700000000000000000e+02 0.000000000000000000e+00
6.720000000000000000e+02 0.000000000000000000e+00
6.740000000000000000e+02 0.000000000000000000e+00
6.760000000000000000e+02 0.000000000000000000e+00
6.780000000000000000e+02 0.000000000000000000e+00
6.800000000000000000e+02 0.000000000000000000e+00
6.820000000000000000e+02 0.000000000000000000e+00
6.840000000000000000e+02 0.000000000000000000e+00
6.860000000000000000e+02 0.000000000000000000e+00
6.880000000000000000e+02 0.000000000000000000e+00
6.900000000000000000e+02 0.000000000000000000e+00
6.920000000000000000e+02 0.000000000000000000e+00
6.940000000000000000e+02 0.000000000000000000e+00
6.960000000000000000e+02 0.000000000000000000e+00
6.980000000000000000e+02 0.000000000000000000e+00
7.000000000000000000e+02 0.000000000000000000e+00
7.020000000000000000e+02 0.000000000000000000e+00
7.040000000000000000e+02 0.000000000000000000e+00
7.060000000000000000e+02 0.000000000000000000e+00
7.080000000000000000e+02 0.000000000000000000e+00
7.100000000000000000e+02 0.000000000000000000e+00
7.120000000000000000e+02 0.000000000000000000e+00
7.140000000000000000e+02 0.000000000000000000e+00
7.160000000000000000e+02 0.000000000000000000e+00
7.180000000000000000e+02 0.000000000000000000e+00
7.200000000000000000e+02 0.000000000000000000e+00
7.220000000000000000e+02 0.000000000000000000e+00
7.240000000000000000e+02 0.000000000000000000e+00
7.260000000000000000e+02 0.000000000000000000e+00
7.280000000000000000e+02 0.000000000000000000e+00
7.300000000000000000e+02 0.000000000000000000e+00
7.320000000000000000e+02 0.000000000000000000e+00
7.340000000000000000e+02 0.000000000000000000e+00
7.360000000000000000e+02 0.000000000000000000e+00
7.380000000000000000e+02 0.000000000000000000e+00
7.400000000000000000e+02 0.000000000000000000e+00
7.420000000000000000e+02 0.000000000000000000e+00
7.440000000000000000e+02 0.000000000000000000e+00
7.460000000000000000e+02 0.000000000000000000e+00
7.480000000000000000e+02 0.000000000000000000e+00
7.500000000000000000e+02 0.000000000000000000e+00
7.520000000000000000e+02 0.000000000000000000e+00
7.540000000000000000e+02 0.000000000000000000e+00
7.560000000000000000e+02 0.000000000000000000e+00
7.580000000000000000e+02 0.000000000000000000e+00
7.600000000000000000e+02 0.000000000000000000e+00
7.620000000000000000e+02 0.000000000000000000e+00
7.640000000000000000e+02 0.000000000000000000e+00
7.660000000000000000e+02 0.000000000000000000e+00
7.680000000000000000e+02 0.000000000000000000e+00
7.700000000000000000e+02 0.000000000000000000e+00
7.720000000000000000e+02 0.000000000000000000e+00
7.740000000000000000e+02 0.000000000000000000e+00
7.760000000000000000e+02 0.000000000000000000e+00
7.780000000000000000e+02 0.000000000000000000e+00
7.800000000000000000e+02 0.000000000000000000e+00
7.820000000000000000e+02 0.000000000000000000e+00
7.840000000000000000e+02 0.000000000000000000e+00
7.860000000000000000e+02 0.000000000000000000e+00
7.880000000000000000e+02 0.000000000000000000e+00
7.900000000000000000e+02 0.000000000000000000e+00
7.920000000000000000e+02 0.000000000000000000e+00
7.940000000000000000e+02 0.000000000000000000e+00
7.960000000000000000e+02 0.000000000000000000e+00
7.980000000000000000e+02 0.000000000000000000e+00
