-8.000000000000000000e+02 0.000000000000000000e+00
-7.980000000000000000e+02 0.000000000000000000e+00
-7.960000000000000000e+02 0.000000000000000000e+00
-7.940000000000000000e+02 0.000000000000000000e+00
-7.920000000000000000e+02 0.000000000000000000e+00
-7.900000000000000000e+02 0.000000000000000000e+00
-7.880000000000000000e+02 0.000000000000000000e+00
-7.860000000000000000e+02 0.000000000000000000e+00
-7.840000000000000000e+02 0.000000000000000000e+00
-7.820000000000000000e+02 0.000000000000000000e+00
-7.800000000000000000e+02 0.000000000000000000e+00
-7.780000000000000000e+02 0.000000000000000000e+00
-7.760000000000000000e+02 0.000000000000000000e+00
-7.740000000000000000e+02 0.000000000000000000e+00
-7.720000000000000000e+02 0.000000000000000000e+00
-7.700000000000000000e+02 0.000000000000000000e+00
-7.680000000000000000e+02 0.000000000000000000e+00
-7.660000000000000000e+02 0.000000000000000000e+00
-7.640000000000000000e+02 0.000000000000000000e+00
-7.620000000000000000e+02 0.000000000000000000e+00
-7.600000000000000000e+02 0.000000000000000000e+00
-7.580000000000000000e+02 0.000000000000000000e+00
-7.560000000000000000e+02 0.000000000000000000e+00
-7.540000000000000000e+02 0.000000000000000000e+00
-7.520000000000000000e+02 0.000000000000000000e+00
-7.500000000000000000e+02 0.000000000000000000e+00
-7.480000000000000000e+02 0.000000000000000000e+00
-7.460000000000000000e+02 0.000000000000000000e+00
-7.440000000000000000e+02 0.000000000000000000e+00
-7.420000000000000000e+02 0.000000000000000000e+00
-7.400000000000000000e+02 0.000000000000000000e+00
-7.380000000000000000e+02 0.000000000000000000e+00
-7.360000000000000000e+02 0.000000000000000000e+00
-7.340000000000000000e+02 0.000000000000000000e+00
-7.320000000000000000e+02 0.000000000000000000e+00
-7.300000000000000000e+02 0.000000000000000000e+00
-7.280000000000000000e+02 0.000000000000000000e+00
-7.260000000000000000e+02 0.000000000000000000e+00
-7.240000000000000000e+02 0.000000000000000000e+00
-7.220000000000000000e+02 0.000000000000000000e+00
-7.200000000000000000e+02 0.000000000000000000e+00
-7.180000000000000000e+02 0.000000000000000000e+00
-7.160000000000000000e+02 0.000000000000000000e+00
-7.140000000000000000e+02 0.000000000000000000e+00
-7.120000000000000000e+02 0.000000000000000000e+00
-7.100000000000000000e+02 0.000000000000000000e+00
-7.080000000000000000e+02 0.000000000000000000e+00
-7.060000000000000000e+02 0.000000000000000000e+00
-7.040000000000000000e+02 0.000000000000000000e+00
-7.020000000000000000e+02 0.000000000000000000e+00
-7.000000000000000000e+02 0.000000000000000000e+00
-6.980000000000000000e+02 0.000000000000000000e+00
-6.960000000000000000e+02 0.000000000000000000e+00
-6.940000000000000000e+02 0.000000000000000000e+00
-6.920000000000000000e+02 0.000000000000000000e+00
-6.900000000000000000e+02 0.000000000000000000e+00
-6.880000000000000000e+02 0.000000000000000000e+00
-6.860000000000000000e+02 0.000000000000000000e+00
-6.840000000000000000e+02 0.000000000000000000e+00
-6.820000000000000000e+02 0.000000000000000000e+00
-6.800000000000000000e+02 0.000000000000000000e+00
-6.780000000000000000e+02 0.000000000000000000e+00
-6.760000000000000000e+02 0.000000000000000000e+00
-6.740000000000000000e+02 0.000000000000000000e+00
-6.720000000000000000e+02 0.000000000000000000e+00
-6.700000000000000000e+02 0.000000000000000000e+00
-6.680000000000000000e+02 0.000000000000000000e+00
-6.660000000000000000e+02 0.000000000000000000e+00
-6.640000000000000000e+02 0.000000000000000000e+00
-6.620000000000000000e+02 0.000000000000000000e+00
-6.600000000000000000e+02 0.000000000000000000e+00
-6.580000000000000000e+02 0.000000000000000000e+00
-6.560000000000000000e+02 0.000000000000000000e+00
-6.540000000000000000e+02 0.000000000000000000e+00
-6.520000000000000000e+02 0.000000000000000000e+00
-6.500000000000000000e+02 0.000000000000000000e+00
-6.480000000000000000e+02 0.000000000000000000e+00
-6.460000000000000000e+02 0.000000000000000000e+00
-6.440000000000000000e+02 0.000000000000000000e+00
-6.420000000000000000e+02 0.000000000000000000e+00
-6.400000000000000000e+02 0.000000000000000000e+00
-6.380000000000000000e+02 0.000000000000000000e+00
-6.360000000000000000e+02 0.000000000000000000e+00
-6.340000000000000000e+02 0.000000000000000000e+00
-6.320000000000000000e+02 0.000000000000000000e+00
-6.300000000000000000e+02 0.000000000000000000e+00
-6.280000000000000000e+02 0.000000000000000000e+00
-6.260000000000000000e+02 0.000000000000000000e+00
-6.240000000000000000e+02 0.000000000000000000e+00
-6.220000000000000000e+02 0.000000000000000000e+00
-6.200000000000000000e+02 0.000000000000000000e+00
-6.180000000000000000e+02 0.000000000000000000e+00
-6.160000000000000000e+02 0.000000000000000000e+00
-6.140000000000000000e+02 0.000000000000000000e+00
-6.120000000000000000e+02 0.000000000000000000e+00
-6.100000000000000000e+02 0.000000000000000000e+00
-6.080000000000000000e+02 0.000000000000000000e+00
-6.060000000000000000e+02 0.000000000000000000e+00
-6.040000000000000000e+02 0.000000000000000000e+00
-6.020000000000000000e+02 0.000000000000000000e+00
-6.000000000000000000e+02 0.000000000000000000e+00
-5.980000000000000000e+02 0.000000000000000000e+00
-5.960000000000000000e+02 0.000000000000000000e+00
-5.940000000000000000e+02 0.000000000000000000e+00
-5.920000000000000000e+02 0.000000000000000000e+00
-5.900000000000000000e+02 0.000000000000000000e+00
-5.880000000000000000e+02 0.000000000000000000e+00
-5.860000000000000000e+02 0.000000000000000000e+00
-5.840000000000000000e+02 0.000000000000000000e+00
-5.820000000000000000e+02 0.000000000000000000e+00
-5.800000000000000000e+02 0.000000000000000000e+00
-5.780000000000000000e+02 0.000000000000000000e+00
-5.760000000000000000e+02 0.000000000000000000e+00
-5.740000000000000000e+02 0.000000000000000000e+00
-5.720000000000000000e+02 3.508246654401395159e-01
-5.700000000000000000e+02 1.003605374968499397e+01
-5.680000000000000000e+02 1.672882228202377419e+01
-5.660000000000000000e+02 2.149689547262835632e+01
-5.640000000000000000e+02 2.529473361141040044e+01
-5.620000000000000000e+02 2.862775767423229922e+01
-5.600000000000000000e+02 3.154006120837570393e+01
-5.580000000000000000e+02 3.403830292862761553e+01
-5.560000000000000000e+02 3.623575468186749760e+01
-5.540000000000000000e+02 3.799268580659619232e+01
-5.520000000000000000e+02 3.923572668189619606e+01
-5.500000000000000000e+02 4.001950032310612926e+01
-5.480000000000000000e+02 4.037484009957034914e+01
-5.460000000000000000e+02 3.989454039493648452e+01
-5.440000000000000000e+02 3.898649428187298582e+01
-5.420000000000000000e+02 3.789582314530670715e+01
-5.400000000000000000e+02 3.669754830488774644e+01
-5.380000000000000000e+02 3.544115004862497642e+01
-5.360000000000000000e+02 3.412735493122694663e+01
-5.340000000000000000e+02 3.301353959260747217e+01
-5.320000000000000000e+02 3.184740741883613779e+01
-5.300000000000000000e+02 3.106041951262355028e+01
-5.280000000000000000e+02 3.008174433236030865e+01
-5.260000000000000000e+02 2.904635443500972869e+01
-5.240000000000000000e+02 2.842818534256702279e+01
-5.220000000000000000e+02 2.770903247550385728e+01
-5.200000000000000000e+02 2.714366183727841886e+01
-5.180000000000000000e+02 2.627869648659395097e+01
-5.160000000000000000e+02 2.590044981668371449e+01
-5.140000000000000000e+02 2.523277420997413500e+01
-5.120000000000000000e+02 2.477042272650409771e+01
-5.100000000000000000e+02 2.441458550013538797e+01
-5.080000000000000000e+02 2.372607512778088079e+01
-5.060000000000000000e+02 2.349599859453099882e+01
-5.040000000000000000e+02 2.300226595942827501e+01
-5.020000000000000000e+02 2.264816864930960705e+01
-5.000000000000000000e+02 2.224568030353027481e+01
-4.980000000000000000e+02 2.201551275317382661e+01
-4.960000000000000000e+02 2.165784321962228276e+01
-4.940000000000000000e+02 2.140788128252791012e+01
-4.920000000000000000e+02 2.106416373137317422e+01
-4.900000000000000000e+02 2.073580813019387747e+01
-4.880000000000000000e+02 2.055377814015327331e+01
-4.860000000000000000e+02 2.025919872616837480e+01
-4.840000000000000000e+02 2.000239031631896225e+01
-4.820000000000000000e+02 1.988431228389264049e+01
-4.800000000000000000e+02 1.951548183536361947e+01
-4.780000000000000000e+02 1.936024447236366441e+01
-4.760000000000000000e+02 1.918615182771885586e+01
-4.740000000000000000e+02 1.900999552927266834e+01
-4.720000000000000000e+02 1.868385286672952361e+01
-4.700000000000000000e+02 1.860571081431283247e+01
-4.680000000000000000e+02 1.860637460812876398e+01
-4.660000000000000000e+02 1.812210508577770796e+01
-4.640000000000000000e+02 1.802364272336897599e+01
-4.620000000000000000e+02 1.803601807375417465e+01
-4.600000000000000000e+02 1.768682331210494496e+01
-4.580000000000000000e+02 1.764664153707223093e+01
-4.560000000000000000e+02 1.764416671725215835e+01
-4.540000000000000000e+02 1.722249085359771570e+01
-4.520000000000000000e+02 1.729994384031805055e+01
-4.500000000000000000e+02 1.729367127232775303e+01
-4.480000000000000000e+02 1.667388177821353779e+01
-4.460000000000000000e+02 1.691776828978829172e+01
-4.440000000000000000e+02 1.680616529200690934e+01
-4.420000000000000000e+02 1.650106146695075537e+01
-4.400000000000000000e+02 1.662947571493606347e+01
-4.380000000000000000e+02 1.640034271413496825e+01
-4.360000000000000000e+02 1.635103277611489148e+01
-4.340000000000000000e+02 1.621631802633439534e+01
-4.320000000000000000e+02 1.600998789016330193e+01
-4.300000000000000000e+02 1.609329400749746597e+01
-4.280000000000000000e+02 1.598580386006447362e+01
-4.260000000000000000e+02 1.571914210054950267e+01
-4.240000000000000000e+02 1.579398123539021803e+01
-4.220000000000000000e+02 1.572202759421570839e+01
-4.200000000000000000e+02 1.555019311687974337e+01
-4.180000000000000000e+02 1.544685080162517288e+01
-4.160000000000000000e+02 1.543713190929444146e+01
-4.140000000000000000e+02 1.540109812199382233e+01
-4.120000000000000000e+02 1.522991262603583351e+01
-4.100000000000000000e+02 1.515341435504726064e+01
-4.080000000000000000e+02 1.513563128006832414e+01
-4.060000000000000000e+02 1.501726461349054098e+01
-4.040000000000000000e+02 1.507384916209419856e+01
-4.020000000000000000e+02 1.492522895048238674e+01
-4.000000000000000000e+02 1.489925617469081232e+01
-3.980000000000000000e+02 1.478231565658268387e+01
-3.960000000000000000e+02 1.464580766722690086e+01
-3.940000000000000000e+02 1.479490279267080766e+01
-3.920000000000000000e+02 1.461548736865011477e+01
-3.900000000000000000e+02 1.453701968215420059e+01
-3.880000000000000000e+02 1.446338951966453479e+01
-3.860000000000000000e+02 1.459012274076259885e+01
-3.840000000000000000e+02 1.434124837442162104e+01
-3.820000000000000000e+02 1.433801622449820812e+01
-3.800000000000000000e+02 1.429423301336178831e+01
-3.780000000000000000e+02 1.427794439614714683e+01
-3.760000000000000000e+02 1.424428887164540569e+01
-3.740000000000000000e+02 1.411059011907711458e+01
-3.720000000000000000e+02 1.410047714435069288e+01
-3.700000000000000000e+02 1.403744944967071540e+01
-3.680000000000000000e+02 1.419471949212782391e+01
-3.660000000000000000e+02 1.394917478979593284e+01
-3.640000000000000000e+02 1.393116419364565139e+01
-3.620000000000000000e+02 1.388369348463545982e+01
-3.600000000000000000e+02 1.386199564976770660e+01
-3.580000000000000000e+02 1.373844127878567356e+01
-3.560000000000000000e+02 1.391539070629504948e+01
-3.540000000000000000e+02 1.375480329029594095e+01
-3.520000000000000000e+02 1.377086758517783416e+01
-3.500000000000000000e+02 1.364829091365009717e+01
-3.480000000000000000e+02 1.363477505971926895e+01
-3.460000000000000000e+02 1.358691727787691406e+01
-3.440000000000000000e+02 1.359585621174145942e+01
-3.420000000000000000e+02 1.373287402191252760e+01
-3.400000000000000000e+02 1.350392136147312172e+01
-3.380000000000000000e+02 1.352458538439075575e+01
-3.360000000000000000e+02 1.349867499653021952e+01
-3.340000000000000000e+02 1.336612994299474089e+01
-3.320000000000000000e+02 1.337705797548704645e+01
-3.300000000000000000e+02 1.347120734598530589e+01
-3.280000000000000000e+02 1.340460547037486272e+01
-3.260000000000000000e+02 1.335042034853558945e+01
-3.240000000000000000e+02 1.332450875856780037e+01
-3.220000000000000000e+02 1.320577269709082735e+01
-3.200000000000000000e+02 1.338720449326147310e+01
-3.180000000000000000e+02 1.324910850492862302e+01
-3.160000000000000000e+02 1.325485104490875443e+01
-3.140000000000000000e+02 1.306697024653205830e+01
-3.120000000000000000e+02 1.337537584435623828e+01
-3.100000000000000000e+02 1.313975067882264547e+01
-3.080000000000000000e+02 1.308498039297672122e+01
-3.060000000000000000e+02 1.328953982198488326e+01
-3.040000000000000000e+02 1.303128282981712083e+01
-3.020000000000000000e+02 1.308950127208309411e+01
-3.000000000000000000e+02 1.319815997350894854e+01
-2.980000000000000000e+02 1.286904497728359509e+01
-2.960000000000000000e+02 1.317509397919880598e+01
-2.940000000000000000e+02 1.302901606251206879e+01
-2.920000000000000000e+02 1.316604048965980667e+01
-2.900000000000000000e+02 1.309001755708435866e+01
-2.880000000000000000e+02 1.299756002509468367e+01
-2.860000000000000000e+02 1.282859776368366767e+01
-2.840000000000000000e+02 1.279921680614977220e+01
-2.820000000000000000e+02 1.277630334407895063e+01
-2.800000000000000000e+02 1.352458794241222861e+01
-2.780000000000000000e+02 1.277692258167581763e+01
-2.760000000000000000e+02 1.301119463925981812e+01
-2.740000000000000000e+02 1.292668795300019546e+01
-2.720000000000000000e+02 1.291202297868699311e+01
-2.700000000000000000e+02 1.291436739105231979e+01
-2.680000000000000000e+02 1.292362423859674081e+01
-2.660000000000000000e+02 1.293008575766799773e+01
-2.640000000000000000e+02 1.288613798625883611e+01
-2.620000000000000000e+02 1.290156622149244825e+01
-2.600000000000000000e+02 1.293859437996005468e+01
-2.580000000000000000e+02 1.282541653467621146e+01
-2.560000000000000000e+02 1.285815757885899480e+01
-2.540000000000000000e+02 1.286021639680789086e+01
-2.520000000000000000e+02 1.289557544981956561e+01
-2.500000000000000000e+02 1.291266086702633586e+01
-2.480000000000000000e+02 1.287620203278611086e+01
-2.460000000000000000e+02 1.280365672438074753e+01
-2.440000000000000000e+02 1.290808266744528332e+01
-2.420000000000000000e+02 1.284146955710871829e+01
-2.400000000000000000e+02 1.289428804147838115e+01
-2.380000000000000000e+02 1.284399912321542025e+01
-2.360000000000000000e+02 1.288084444205887635e+01
-2.340000000000000000e+02 1.285473598687539720e+01
-2.320000000000000000e+02 1.287782056268538433e+01
-2.300000000000000000e+02 1.285839362756450122e+01
-2.280000000000000000e+02 1.290855115625651095e+01
-2.260000000000000000e+02 1.284867049151517904e+01
-2.240000000000000000e+02 1.289760038144631338e+01
-2.220000000000000000e+02 1.283207577388139597e+01
-2.200000000000000000e+02 1.290816848358979918e+01
-2.180000000000000000e+02 1.296779769011597416e+01
-2.160000000000000000e+02 1.284610986444441494e+01
-2.140000000000000000e+02 1.286526664620265237e+01
-2.120000000000000000e+02 1.291575037138151671e+01
-2.100000000000000000e+02 1.292163408970628247e+01
-2.080000000000000000e+02 1.293013920147506823e+01
-2.060000000000000000e+02 1.297073806805815366e+01
-2.040000000000000000e+02 1.290385296156524042e+01
-2.020000000000000000e+02 1.294338644647140413e+01
-2.000000000000000000e+02 1.292510774373407223e+01
-1.980000000000000000e+02 1.301941280142528434e+01
-1.960000000000000000e+02 1.294735630937744908e+01
-1.940000000000000000e+02 1.312370175239119163e+01
-1.920000000000000000e+02 1.290756081992208237e+01
-1.900000000000000000e+02 1.296406660615352813e+01
-1.880000000000000000e+02 1.314061554301723689e+01
-1.860000000000000000e+02 1.300623617202899851e+01
-1.840000000000000000e+02 1.300084722285583538e+01
-1.820000000000000000e+02 1.314869749205916349e+01
-1.800000000000000000e+02 1.299753884568572460e+01
-1.780000000000000000e+02 1.316514990514386163e+01
-1.760000000000000000e+02 1.304170896133356905e+01
-1.740000000000000000e+02 1.321944488805883644e+01
-1.720000000000000000e+02 1.313335767632045936e+01
-1.700000000000000000e+02 1.315910242099200111e+01
-1.680000000000000000e+02 1.313598990901603969e+01
-1.660000000000000000e+02 1.321221061505781513e+01
-1.640000000000000000e+02 1.323489491417623221e+01
-1.620000000000000000e+02 1.324337184182856220e+01
-1.600000000000000000e+02 1.320903666048838687e+01
-1.580000000000000000e+02 1.338272376111300588e+01
-1.560000000000000000e+02 1.331190104210033276e+01
-1.540000000000000000e+02 1.323761934544535634e+01
-1.520000000000000000e+02 1.337064189210444809e+01
-1.500000000000000000e+02 1.338356078620459400e+01
-1.480000000000000000e+02 1.349858250689958084e+01
-1.460000000000000000e+02 1.332274226116738625e+01
-1.440000000000000000e+02 1.339498973581531160e+01
-1.420000000000000000e+02 1.351002349800462099e+01
-1.400000000000000000e+02 1.347568451916147225e+01
-1.380000000000000000e+02 1.347175986292196193e+01
-1.360000000000000000e+02 1.357694332128660974e+01
-1.340000000000000000e+02 1.356735538159437127e+01
-1.320000000000000000e+02 1.362603670301009373e+01
-1.300000000000000000e+02 1.363746829640303737e+01
-1.280000000000000000e+02 1.364509880818204834e+01
-1.260000000000000000e+02 1.366899200242129808e+01
-1.240000000000000000e+02 1.377403706403589467e+01
-1.220000000000000000e+02 1.376125982000532311e+01
-1.200000000000000000e+02 1.373809612993429141e+01
-1.180000000000000000e+02 1.390424352430447286e+01
-1.160000000000000000e+02 1.380260482145570755e+01
-1.140000000000000000e+02 1.391068863097762076e+01
-1.120000000000000000e+02 1.386452939165572396e+01
-1.100000000000000000e+02 1.402962085101688672e+01
-1.080000000000000000e+02 1.401110633619819446e+01
-1.060000000000000000e+02 1.399593205157089315e+01
-1.040000000000000000e+02 1.415940339585421626e+01
-1.020000000000000000e+02 1.407047321673552354e+01
-1.000000000000000000e+02 1.414569182623049137e+01
-9.800000000000000000e+01 1.421650149007979280e+01
-9.600000000000000000e+01 1.426409310476932824e+01
-9.400000000000000000e+01 1.431091041926809204e+01
-9.200000000000000000e+01 1.429391648422654448e+01
-9.000000000000000000e+01 1.443112597806489283e+01
-8.800000000000000000e+01 1.446864743519379459e+01
-8.600000000000000000e+01 1.445724047311806792e+01
-8.400000000000000000e+01 1.457461174419577077e+01
-8.200000000000000000e+01 1.454924892022218330e+01
-8.000000000000000000e+01 1.460607745248450051e+01
-7.800000000000000000e+01 1.470990684172480023e+01
-7.600000000000000000e+01 1.474646017053197689e+01
-7.400000000000000000e+01 1.481992718684816168e+01
-7.200000000000000000e+01 1.481609448585222566e+01
-7.000000000000000000e+01 1.487969899967299625e+01
-6.800000000000000000e+01 1.495824623374622142e+01
-6.600000000000000000e+01 1.497902288783281399e+01
-6.400000000000000000e+01 1.510166523491478330e+01
-6.200000000000000000e+01 1.518700358039145470e+01
-6.000000000000000000e+01 1.512356575911205780e+01
-5.800000000000000000e+01 1.538319286736607694e+01
-5.600000000000000000e+01 1.532668907928367830e+01
-5.400000000000000000e+01 1.537041898529045270e+01
-5.200000000000000000e+01 1.543208954275864642e+01
-5.000000000000000000e+01 1.554322223636173561e+01
-4.800000000000000000e+01 1.562440562014546686e+01
-4.600000000000000000e+01 1.574410969951488326e+01
-4.400000000000000000e+01 1.572666059639536762e+01
-4.200000000000000000e+01 1.583570512437514388e+01
-4.000000000000000000e+01 1.597828761918588647e+01
-3.800000000000000000e+01 1.595169277011896725e+01
-3.600000000000000000e+01 1.608482036717729358e+01
-3.400000000000000000e+01 1.619331020649789110e+01
-3.200000000000000000e+01 1.623556776765766330e+01
-3.000000000000000000e+01 1.635056577156894875e+01
-2.800000000000000000e+01 1.642406488199132752e+01
-2.600000000000000000e+01 1.649302838386238435e+01
-2.400000000000000000e+01 1.663085881746824057e+01
-2.200000000000000000e+01 1.666458713231778077e+01
-2.000000000000000000e+01 1.687313385180160807e+01
-1.800000000000000000e+01 1.691094706768162581e+01
-1.600000000000000000e+01 1.706506304527108142e+01
-1.400000000000000000e+01 1.711324940819464757e+01
-1.200000000000000000e+01 1.723921068010367463e+01
-1.000000000000000000e+01 1.739215410648450089e+01
-8.000000000000000000e+00 1.739954192786377263e+01
-6.000000000000000000e+00 1.766156333498782871e+01
-4.000000000000000000e+00 1.751042820560111224e+01
-2.000000000000000000e+00 1.798508858402645316e+01
0.000000000000000000e+00 1.817048953568926350e+01
2.000000000000000000e+00 1.782671222415149614e+01
4.000000000000000000e+00 1.840448468930839354e+01
6.000000000000000000e+00 1.836933541513080925e+01
8.000000000000000000e+00 1.857962105429484012e+01
1.000000000000000000e+01 1.878325699903855650e+01
1.200000000000000000e+01 1.890824805200233882e+01
1.400000000000000000e+01 1.903767400819980082e+01
1.600000000000000000e+01 1.921924379331428767e+01
1.800000000000000000e+01 1.948082764141437195e+01
2.000000000000000000e+01 1.959670128289370439e+01
2.200000000000000000e+01 1.971157885665189724e+01
2.400000000000000000e+01 1.998047401819535551e+01
2.600000000000000000e+01 2.016963916478038499e+01
2.800000000000000000e+01 2.035822896346369859e+01
3.000000000000000000e+01 2.064428169964958926e+01
3.200000000000000000e+01 2.079397673302123906e+01
3.400000000000000000e+01 2.097900064291659561e+01
3.600000000000000000e+01 2.127920886183684246e+01
3.800000000000000000e+01 2.147866853482141636e+01
4.000000000000000000e+01 2.173059040300038092e+01
4.200000000000000000e+01 2.196489364186506776e+01
4.400000000000000000e+01 2.222337660708415186e+01
4.600000000000000000e+01 2.259862568199455168e+01
4.800000000000000000e+01 2.277720406814276188e+01
5.000000000000000000e+01 2.301550131955940870e+01
5.200000000000000000e+01 2.338047054789846513e+01
5.400000000000000000e+01 2.386543886197272712e+01
5.600000000000000000e+01 2.394459315946642519e+01
5.800000000000000000e+01 2.441867597790621502e+01
6.000000000000000000e+01 2.464807674518909408e+01
6.200000000000000000e+01 2.512662467216843254e+01
6.400000000000000000e+01 2.539690181052105800e+01
6.600000000000000000e+01 2.595644679701091562e+01
6.800000000000000000e+01 2.628106727822044419e+01
7.000000000000000000e+01 2.676052858729488193e+01
7.200000000000000000e+01 2.718380790414719783e+01
7.400000000000000000e+01 2.767945533936281066e+01
7.600000000000000000e+01 2.814720790449820953e+01
7.800000000000000000e+01 2.877958999658579486e+01
8.000000000000000000e+01 2.926213103330190535e+01
8.200000000000000000e+01 2.987012541385470499e+01
8.400000000000000000e+01 3.046557169861299386e+01
8.600000000000000000e+01 3.112986753541769858e+01
8.800000000000000000e+01 3.185847720135953409e+01
9.000000000000000000e+01 3.257418645832394333e+01
9.200000000000000000e+01 3.344064060920349135e+01
9.400000000000000000e+01 3.424845233409443779e+01
9.600000000000000000e+01 3.504694139579531509e+01
9.800000000000000000e+01 3.615256380262292168e+01
1.000000000000000000e+02 3.709831490660835840e+01
1.020000000000000000e+02 3.834167354081855450e+01
1.040000000000000000e+02 3.947170540361913993e+01
1.060000000000000000e+02 4.085039657657691947e+01
1.080000000000000000e+02 4.217481045327939881e+01
1.100000000000000000e+02 4.397594167101787122e+01
1.120000000000000000e+02 4.556099077396248020e+01
1.140000000000000000e+02 4.757202301272341316e+01
1.160000000000000000e+02 4.975532462931094102e+01
1.180000000000000000e+02 5.230345959410832535e+01
1.200000000000000000e+02 5.494129637167630875e+01
1.220000000000000000e+02 5.811275758275161962e+01
1.240000000000000000e+02 6.186858571587563915e+01
1.260000000000000000e+02 6.628151691664810130e+01
1.280000000000000000e+02 7.156777920012031302e+01
1.300000000000000000e+02 7.805139864979092579e+01
1.320000000000000000e+02 8.643387436315573780e+01
1.340000000000000000e+02 9.744097509557698800e+01
1.360000000000000000e+02 1.132870840964415891e+02
1.380000000000000000e+02 1.388845524074412765e+02
1.400000000000000000e+02 1.926804396238867696e+02
1.420000000000000000e+02 4.225140294987489256e+02
1.440000000000000000e+02 7.791480196536947460e+02
1.460000000000000000e+02 6.892593598263072181e+02
1.480000000000000000e+02 1.568153070062429890e+02
1.500000000000000000e+02 0.000000000000000000e+00
1.520000000000000000e+02 0.000000000000000000e+00
1.540000000000000000e+02 0.000000000000000000e+00
1.560000000000000000e+02 0.000000000000000000e+00
1.580000000000000000e+02 0.000000000000000000e+00
1.600000000000000000e+02 0.000000000000000000e+00
1.620000000000000000e+02 0.000000000000000000e+00
1.640000000000000000e+02 0.000000000000000000e+00
1.660000000000000000e+02 0.000000000000000000e+00
1.680000000000000000e+02 0.000000000000000000e+00
1.700000000000000000e+02 0.000000000000000000e+00
1.720000000000000000e+02 0.000000000000000000e+00
1.740000000000000000e+02 0.000000000000000000e+00
1.760000000000000000e+02 0.000000000000000000e+00
1.780000000000000000e+02 0.000000000000000000e+00
1.800000000000000000e+02 0.000000000000000000e+00
1.820000000000000000e+02 0.000000000000000000e+00
1.840000000000000000e+02 0.000000000000000000e+00
1.860000000000000000e+02 0.000000000000000000e+00
1.880000000000000000e+02 0.000000000000000000e+00
1.900000000000000000e+02 0.000000000000000000e+00
1.920000000000000000e+02 0.000000000000000000e+00
1.940000000000000000e+02 0.000000000000000000e+00
1.960000000000000000e+02 0.000000000000000000e+00
1.980000000000000000e+02 0.000000000000000000e+00
2.000000000000000000e+02 0.000000000000000000e+00
2.020000000000000000e+02 0.000000000000000000e+00
2.040000000000000000e+02 0.000000000000000000e+00
2.060000000000000000e+02 0.000000000000000000e+00
2.080000000000000000e+02 0.000000000000000000e+00
2.100000000000000000e+02 0.000000000000000000e+00
2.120000000000000000e+02 0.000000000000000000e+00
2.140000000000000000e+02 0.000000000000000000e+00
2.160000000000000000e+02 0.000000000000000000e+00
2.180000000000000000e+02 0.000000000000000000e+00
2.200000000000000000e+02 0.000000000000000000e+00
2.220000000000000000e+02 0.000000000000000000e+00
2.240000000000000000e+02 0.000000000000000000e+00
2.260000000000000000e+02 0.000000000000000000e+00
2.280000000000000000e+02 0.000000000000000000e+00
2.300000000000000000e+02 0.000000000000000000e+00
2.320000000000000000e+02 0.000000000000000000e+00
2.340000000000000000e+02 0.000000000000000000e+00
2.360000000000000000e+02 0.000000000000000000e+00
2.380000000000000000e+02 0.000000000000000000e+00
2.400000000000000000e+02 0.000000000000000000e+00
2.420000000000000000e+02 0.000000000000000000e+00
2.440000000000000000e+02 0.000000000000000000e+00
2.460000000000000000e+02 0.000000000000000000e+00
2.480000000000000000e+02 0.000000000000000000e+00
2.500000000000000000e+02 0.000000000000000000e+00
2.520000000000000000e+02 0.000000000000000000e+00
2.540000000000000000e+02 0.000000000000000000e+00
2.560000000000000000e+02 0.000000000000000000e+00
2.580000000000000000e+02 0.000000000000000000e+00
2.600000000000000000e+02 0.000000000000000000e+00
2.620000000000000000e+02 0.000000000000000000e+00
2.640000000000000000e+02 0.000000000000000000e+00
2.660000000000000000e+02 0.000000000000000000e+00
2.680000000000000000e+02 0.000000000000000000e+00
2.700000000000000000e+02 0.000000000000000000e+00
2.720000000000000000e+02 0.000000000000000000e+00
2.740000000000000000e+02 0.000000000000000000e+00
2.760000000000000000e+02 0.000000000000000000e+00
2.780000000000000000e+02 0.000000000000000000e+00
2.800000000000000000e+02 0.000000000000000000e+00
2.820000000000000000e+02 0.000000000000000000e+00
2.840000000000000000e+02 0.000000000000000000e+00
2.860000000000000000e+02 0.000000000000000000e+00
2.880000000000000000e+02 0.000000000000000000e+00
2.900000000000000000e+02 0.000000000000000000e+00
2.920000000000000000e+02 0.000000000000000000e+00
2.940000000000000000e+02 0.000000000000000000e+00
2.960000000000000000e+02 0.000000000000000000e+00
2.980000000000000000e+02 0.000000000000000000e+00
3.000000000000000000e+02 0.000000000000000000e+00
3.020000000000000000e+02 0.000000000000000000e+00
3.040000000000000000e+02 0.000000000000000000e+00
3.060000000000000000e+02 0.000000000000000000e+00
3.080000000000000000e+02 0.000000000000000000e+00
3.100000000000000000e+02 0.000000000000000000e+00
3.120000000000000000e+02 0.000000000000000000e+00
3.140000000000000000e+02 0.000000000000000000e+00
3.160000000000000000e+02 0.000000000000000000e+00
3.180000000000000000e+02 0.000000000000000000e+00
3.200000000000000000e+02 0.000000000000000000e+00
3.220000000000000000e+02 0.000000000000000000e+00
3.240000000000000000e+02 0.000000000000000000e+00
3.260000000000000000e+02 0.000000000000000000e+00
3.280000000000000000e+02 0.000000000000000000e+00
3.300000000000000000e+02 0.000000000000000000e+00
3.320000000000000000e+02 0.000000000000000000e+00
3.340000000000000000e+02 0.000000000000000000e+00
3.360000000000000000e+02 0.000000000000000000e+00
3.380000000000000000e+02 0.000000000000000000e+00
3.400000000000000000e+02 0.000000000000000000e+00
3.420000000000000000e+02 0.000000000000000000e+00
3.440000000000000000e+02 0.000000000000000000e+00
3.460000000000000000e+02 0.000000000000000000e+00
3.480000000000000000e+02 0.000000000000000000e+00
3.500000000000000000e+02 0.000000000000000000e+00
3.520000000000000000e+02 0.000000000000000000e+00
3.540000000000000000e+02 0.000000000000000000e+00
3.560000000000000000e+02 0.000000000000000000e+00
3.580000000000000000e+02 0.000000000000000000e+00
3.600000000000000000e+02 0.000000000000000000e+00
3.620000000000000000e+02 0.000000000000000000e+00
3.640000000000000000e+02 0.000000000000000000e+00
3.660000000000000000e+02 0.000000000000000000e+00
3.680000000000000000e+02 0.000000000000000000e+00
3.700000000000000000e+02 0.000000000000000000e+00
3.720000000000000000e+02 0.000000000000000000e+00
3.740000000000000000e+02 0.000000000000000000e+00
3.760000000000000000e+02 0.000000000000000000e+00
3.780000000000000000e+02 0.000000000000000000e+00
3.800000000000000000e+02 0.000000000000000000e+00
3.820000000000000000e+02 0.000000000000000000e+00
3.840000000000000000e+02 0.000000000000000000e+00
3.860000000000000000e+02 0.000000000000000000e+00
3.880000000000000000e+02 0.000000000000000000e+00
3.900000000000000000e+02 0.000000000000000000e+00
3.920000000000000000e+02 0.000000000000000000e+00
3.940000000000000000e+02 0.000000000000000000e+00
3.960000000000000000e+02 0.000000000000000000e+00
3.980000000000000000e+02 0.000000000000000000e+00
4.000000000000000000e+02 0.000000000000000000e+00
4.020000000000000000e+02 0.000000000000000000e+00
4.040000000000000000e+02 0.000000000000000000e+00
4.060000000000000000e+02 0.000000000000000000e+00
4.080000000000000000e+02 0.000000000000000000e+00
4.100000000000000000e+02 0.000000000000000000e+00
4.120000000000000000e+02 0.000000000000000000e+00
4.140000000000000000e+02 0.000000000000000000e+00
4.160000000000000000e+02 0.000000000000000000e+00
4.180000000000000000e+02 0.000000000000000000e+00
4.200000000000000000e+02 0.000000000000000000e+00
4.220000000000000000e+02 0.000000000000000000e+00
4.240000000000000000e+02 0.000000000000000000e+00
4.260000000000000000e+02 0.000000000000000000e+00
4.280000000000000000e+02 0.000000000000000000e+00
4.300000000000000000e+02 0.000000000000000000e+00
4.320000000000000000e+02 0.000000000000000000e+00
4.340000000000000000e+02 0.000000000000000000e+00
4.360000000000000000e+02 0.000000000000000000e+00
4.380000000000000000e+02 0.000000000000000000e+00
4.400000000000000000e+02 0.000000000000000000e+00
4.420000000000000000e+02 0.000000000000000000e+00
4.440000000000000000e+02 0.000000000000000000e+00
4.460000000000000000e+02 0.000000000000000000e+00
4.480000000000000000e+02 0.000000000000000000e+00
4.500000000000000000e+02 0.000000000000000000e+00
4.520000000000000000e+02 0.000000000000000000e+00
4.540000000000000000e+02 0.000000000000000000e+00
4.560000000000000000e+02 0.000000000000000000e+00
4.580000000000000000e+02 0.000000000000000000e+00
4.600000000000000000e+02 0.000000000000000000e+00
4.620000000000000000e+02 0.000000000000000000e+00
4.640000000000000000e+02 0.000000000000000000e+00
4.660000000000000000e+02 0.000000000000000000e+00
4.680000000000000000e+02 0.000000000000000000e+00
4.700000000000000000e+02 0.000000000000000000e+00
4.720000000000000000e+02 0.000000000000000000e+00
4.740000000000000000e+02 0.000000000000000000e+00
4.760000000000000000e+02 0.000000000000000000e+00
4.780000000000000000e+02 0.000000000000000000e+00
4.800000000000000000e+02 0.000000000000000000e+00
4.820000000000000000e+02 0.000000000000000000e+00
4.840000000000000000e+02 0.000000000000000000e+00
4.860000000000000000e+02 0.000000000000000000e+00
4.880000000000000000e+02 0.000000000000000000e+00
4.900000000000000000e+02 0.000000000000000000e+00
4.920000000000000000e+02 0.000000000000000000e+00
4.940000000000000000e+02 0.000000000000000000e+00
4.960000000000000000e+02 0.000000000000000000e+00
4.980000000000000000e+02 0.000000000000000000e+00
5.000000000000000000e+02 0.000000000000000000e+00
5.020000000000000000e+02 0.000000000000000000e+00
5.040000000000000000e+02 0.000000000000000000e+00
5.060000000000000000e+02 0.000000000000000000e+00
5.080000000000000000e+02 0.000000000000000000e+00
5.100000000000000000e+02 0.000000000000000000e+00
5.120000000000000000e+02 0.000000000000000000e+00
5.140000000000000000e+02 0.000000000000000000e+00
5.160000000000000000e+02 0.000000000000000000e+00
5.180000000000000000e+02 0.000000000000000000e+00
5.200000000000000000e+02 0.000000000000000000e+00
5.220000000000000000e+02 0.000000000000000000e+00
5.240000000000000000e+02 0.000000000000000000e+00
5.260000000000000000e+02 0.000000000000000000e+00
5.280000000000000000e+02 0.000000000000000000e+00
5.300000000000000000e+02 0.000000000000000000e+00
5.320000000000000000e+02 0.000000000000000000e+00
5.340000000000000000e+02 0.000000000000000000e+00
5.360000000000000000e+02 0.000000000000000000e+00
5.380000000000000000e+02 0.000000000000000000e+00
5.400000000000000000e+02 0.000000000000000000e+00
5.420000000000000000e+02 0.000000000000000000e+00
5.440000000000000000e+02 0.000000000000000000e+00
5.460000000000000000e+02 0.000000000000000000e+00
5.480000000000000000e+02 0.000000000000000000e+00
5.500000000000000000e+02 0.000000000000000000e+00
5.520000000000000000e+02 0.000000000000000000e+00
5.540000000000000000e+02 0.000000000000000000e+00
5.560000000000000000e+02 0.000000000000000000e+00
5.580000000000000000e+02 0.000000000000000000e+00
5.600000000000000000e+02 0.000000000000000000e+00
5.620000000000000000e+02 0.000000000000000000e+00
5.640000000000000000e+02 0.000000000000000000e+00
5.660000000000000000e+02 0.000000000000000000e+00
5.680000000000000000e+02 0.000000000000000000e+00
5.700000000000000000e+02 0.000000000000000000e+00
5.720000000000000000e+02 0.000000000000000000e+00
5.740000000000000000e+02 0.000000000000000000e+00
5.760000000000000000e+02 0.000000000000000000e+00
5.780000000000000000e+02 0.000000000000000000e+00
5.800000000000000000e+02 0.000000000000000000e+00
5.820000000000000000e+02 0.000000000000000000e+00
5.840000000000000000e+02 0.000000000000000000e+00
5.860000000000000000e+02 0.000000000000000000e+00
5.880000000000000000e+02 0.000000000000000000e+00
5.900000000000000000e+02 0.000000000000000000e+00
5.920000000000000000e+02 0.000000000000000000e+00
5.940000000000000000e+02 0.000000000000000000e+00
5.960000000000000000e+02 0.000000000000000000e+00
5.980000000000000000e+02 0.000000000000000000e+00
6.000000000000000000e+02 0.000000000000000000e+00
6.020000000000000000e+02 0.000000000000000000e+00
6.040000000000000000e+02 0.000000000000000000e+00
6.060000000000000000e+02 0.000000000000000000e+00
6.080000000000000000e+02 0.000000000000000000e+00
6.100000000000000000e+02 0.000000000000000000e+00
6.120000000000000000e+02 0.000000000000000000e+00
6.140000000000000000e+02 0.000000000000000000e+00
6.160000000000000000e+02 0.000000000000000000e+00
6.180000000000000000e+02 0.000000000000000000e+00
6.200000000000000000e+02 0.000000000000000000e+00
6.220000000000000000e+02 0.000000000000000000e+00
6.240000000000000000e+02 0.000000000000000000e+00
6.260000000000000000e+02 0.000000000000000000e+00
6.280000000000000000e+02 0.000000000000000000e+00
6.300000000000000000e+02 0.000000000000000000e+00
6.320000000000000000e+02 0.000000000000000000e+00
6.340000000000000000e+02 0.000000000000000000e+00
6.360000000000000000e+02 0.000000000000000000e+00
6.380000000000000000e+02 0.000000000000000000e+00
6.400000000000000000e+02 0.000000000000000000e+00
6.420000000000000000e+02 0.000000000000000000e+00
6.440000000000000000e+02 0.000000000000000000e+00
6.460000000000000000e+02 0.000000000000000000e+00
6.480000000000000000e+02 0.000000000000000000e+00
6.500000000000000000e+02 0.000000000000000000e+00
6.520000000000000000e+02 0.000000000000000000e+00
6.540000000000000000e+02 0.000000000000000000e+00
6.560000000000000000e+02 0.000000000000000000e+00
6.580000000000000000e+02 0.000000000000000000e+00
6.600000000000000000e+02 0.000000000000000000e+00
6.620000000000000000e+02 0.000000000000000000e+00
6.640000000000000000e+02 0.000000000000000000e+00
6.660000000000000000e+02 0.000000000000000000e+00
6.680000000000000000e+02 0.000000000000000000e+00
6.700000000000000000e+02 0.000000000000000000e+00
6.720000000000000000e+02 0.000000000000000000e+00
6.740000000000000000e+02 0.000000000000000000e+00
6.760000000000000000e+02 0.000000000000000000e+00
6.780000000000000000e+02 0.000000000000000000e+00
6.800000000000000000e+02 0.000000000000000000e+00
6.820000000000000000e+02 0.000000000000000000e+00
6.840000000000000000e+02 0.000000000000000000e+00
6.860000000000000000e+02 0.000000000000000000e+00
6.880000000000000000e+02 0.000000000000000000e+00
6.900000000000000000e+02 0.000000000000000000e+00
6.920000000000000000e+02 0.000000000000000000e+00
6.940000000000000000e+02 0.000000000000000000e+00
6.960000000000000000e+02 0.000000000000000000e+00
6.980000000000000000e+02 0.000000000000000000e+00
7.000000000000000000e+02 0.000000000000000000e+00
7.020000000000000000e+02 0.000000000000000000e+00
7.040000000000000000e+02 0.000000000000000000e+00
7.060000000000000000e+02 0.000000000000000000e+00
7.080000000000000000e+02 0.000000000000000000e+00
7.100000000000000000e+02 0.000000000000000000e+00
7.120000000000000000e+02 0.000000000000000000e+00
7.140000000000000000e+02 0.000000000000000000e+00
7.160000000000000000e+02 0.000000000000000000e+00
7.180000000000000000e+02 0.000000000000000000e+00
7.200000000000000000e+02 0.000000000000000000e+00
7.220000000000000000e+02 0.000000000000000000e+00
7.240000000000000000e+02 0.000000000000000000e+00
7.260000000000000000e+02 0.000000000000000000e+00
7.280000000000000000e+02 0.000000000000000000e+00
7.300000000000000000e+02 0.000000000000000000e+00
7.320000000000000000e+02 0.000000000000000000e+00
7.340000000000000000e+02 0.000000000000000000e+00
7.360000000000000000e+02 0.000000000000000000e+00
7.380000000000000000e+02 0.000000000000000000e+00
7.400000000000000000e+02 0.000000000000000000e+00
7.420000000000000000e+02 0.000000000000000000e+00
7.440000000000000000e+02 0.000000000000000000e+00
7.460000000000000000e+02 0.000000000000000000e+00
7.480000000000000000e+02 0.000000000000000000e+00
7.500000000000000000e+02 0.000000000000000000e+00
7.520000000000000000e+02 0.000000000000000000e+00
7.540000000000000000e+02 0.000000000000000000e+00
7.560000000000000000e+02 0.000000000000000000e+00
7.580000000000000000e+02 0.000000000000000000e+00
7.600000000000000000e+02 0.000000000000000000e+00
7.620000000000000000e+02 0.000000000000000000e+00
7.640000000000000000e+02 0.000000000000000000e+00
7.660000000000000000e+02 0.000000000000000000e+00
7.680000000000000000e+02 0.000000000000000000e+00
7.700000000000000000e+02 0.000000000000000000e+00
7.720000000000000000e+02 0.000000000000000000e+00
7.740000000000000000e+02 0.000000000000000000e+00
7.760000000000000000e+02 0.000000000000000000e+00
7.780000000000000000e+02 0.000000000000000000e+00
7.800000000000000000e+02 0.000000000000000000e+00
7.820000000000000000e+02 0.000000000000000000e+00
7.840000000000000000e+02 0.000000000000000000e+00
7.860000000000000000e+02 0.000000000000000000e+00
7.880000000000000000e+02 0.000000000000000000e+00
7.900000000000000000e+02 0.000000000000000000e+00
7.920000000000000000e+02 0.000000000000000000e+00
7.940000000000000000e+02 0.000000000000000000e+00
7.960000000000000000e+02 0.000000000000000000e+00
7.980000000000000000e+02 0.000000000000000000e+00
