-8.000000000000000000e+02 0.000000000000000000e+00
-7.980000000000000000e+02 0.000000000000000000e+00
-7.960000000000000000e+02 0.000000000000000000e+00
-7.940000000000000000e+02 0.000000000000000000e+00
-7.920000000000000000e+02 0.000000000000000000e+00
-7.900000000000000000e+02 0.000000000000000000e+00
-7.880000000000000000e+02 0.000000000000000000e+00
-7.860000000000000000e+02 0.000000000000000000e+00
-7.840000000000000000e+02 0.000000000000000000e+00
-7.820000000000000000e+02 0.000000000000000000e+00
-7.800000000000000000e+02 0.000000000000000000e+00
-7.780000000000000000e+02 0.000000000000000000e+00
-7.760000000000000000e+02 0.000000000000000000e+00
-7.740000000000000000e+02 0.000000000000000000e+00
-7.720000000000000000e+02 0.000000000000000000e+00
-7.700000000000000000e+02 0.000000000000000000e+00
-7.680000000000000000e+02 0.000000000000000000e+00
-7.660000000000000000e+02 0.000000000000000000e+00
-7.640000000000000000e+02 0.000000000000000000e+00
-7.620000000000000000e+02 0.000000000000000000e+00
-7.600000000000000000e+02 0.000000000000000000e+00
-7.580000000000000000e+02 0.000000000000000000e+00
-7.560000000000000000e+02 0.000000000000000000e+00
-7.540000000000000000e+02 0.000000000000000000e+00
-7.520000000000000000e+02 0.000000000000000000e+00
-7.500000000000000000e+02 0.000000000000000000e+00
-7.480000000000000000e+02 0.000000000000000000e+00
-7.460000000000000000e+02 0.000000000000000000e+00
-7.440000000000000000e+02 0.000000000000000000e+00
-7.420000000000000000e+02 0.000000000000000000e+00
-7.400000000000000000e+02 0.000000000000000000e+00
-7.380000000000000000e+02 0.000000000000000000e+00
-7.360000000000000000e+02 0.000000000000000000e+00
-7.340000000000000000e+02 0.000000000000000000e+00
-7.320000000000000000e+02 0.000000000000000000e+00
-7.300000000000000000e+02 0.000000000000000000e+00
-7.280000000000000000e+02 0.000000000000000000e+00
-7.260000000000000000e+02 0.000000000000000000e+00
-7.240000000000000000e+02 0.000000000000000000e+00
-7.220000000000000000e+02 0.000000000000000000e+00
-7.200000000000000000e+02 0.000000000000000000e+00
-7.180000000000000000e+02 0.000000000000000000e+00
-7.160000000000000000e+02 0.000000000000000000e+00
-7.140000000000000000e+02 0.000000000000000000e+00
-7.120000000000000000e+02 0.000000000000000000e+00
-7.100000000000000000e+02 0.000000000000000000e+00
-7.080000000000000000e+02 0.000000000000000000e+00
-7.060000000000000000e+02 0.000000000000000000e+00
-7.040000000000000000e+02 0.000000000000000000e+00
-7.020000000000000000e+02 0.000000000000000000e+00
-7.000000000000000000e+02 0.000000000000000000e+00
-6.980000000000000000e+02 0.000000000000000000e+00
-6.960000000000000000e+02 0.000000000000000000e+00
-6.940000000000000000e+02 0.000000000000000000e+00
-6.920000000000000000e+02 0.000000000000000000e+00
-6.900000000000000000e+02 0.000000000000000000e+00
-6.880000000000000000e+02 0.000000000000000000e+00
-6.860000000000000000e+02 0.000000000000000000e+00
-6.840000000000000000e+02 0.000000000000000000e+00
-6.820000000000000000e+02 0.000000000000000000e+00
-6.800000000000000000e+02 0.000000000000000000e+00
-6.780000000000000000e+02 0.000000000000000000e+00
-6.760000000000000000e+02 0.000000000000000000e+00
-6.740000000000000000e+02 0.000000000000000000e+00
-6.720000000000000000e+02 0.000000000000000000e+00
-6.700000000000000000e+02 0.000000000000000000e+00
-6.680000000000000000e+02 0.000000000000000000e+00
-6.660000000000000000e+02 0.000000000000000000e+00
-6.640000000000000000e+02 0.000000000000000000e+00
-6.620000000000000000e+02 0.000000000000000000e+00
-6.600000000000000000e+02 0.000000000000000000e+00
-6.580000000000000000e+02 0.000000000000000000e+00
-6.560000000000000000e+02 0.000000000000000000e+00
-6.540000000000000000e+02 0.000000000000000000e+00
-6.520000000000000000e+02 0.000000000000000000e+00
-6.500000000000000000e+02 0.000000000000000000e+00
-6.480000000000000000e+02 0.000000000000000000e+00
-6.460000000000000000e+02 0.000000000000000000e+00
-6.440000000000000000e+02 0.000000000000000000e+00
-6.420000000000000000e+02 0.000000000000000000e+00
-6.400000000000000000e+02 0.000000000000000000e+00
-6.380000000000000000e+02 0.000000000000000000e+00
-6.360000000000000000e+02 0.000000000000000000e+00
-6.340000000000000000e+02 0.000000000000000000e+00
-6.320000000000000000e+02 0.000000000000000000e+00
-6.300000000000000000e+02 0.000000000000000000e+00
-6.280000000000000000e+02 0.000000000000000000e+00
-6.260000000000000000e+02 0.000000000000000000e+00
-6.240000000000000000e+02 0.000000000000000000e+00
-6.220000000000000000e+02 0.000000000000000000e+00
-6.200000000000000000e+02 0.000000000000000000e+00
-6.180000000000000000e+02 0.000000000000000000e+00
-6.160000000000000000e+02 0.000000000000000000e+00
-6.140000000000000000e+02 0.000000000000000000e+00
-6.120000000000000000e+02 0.000000000000000000e+00
-6.100000000000000000e+02 0.000000000000000000e+00
-6.080000000000000000e+02 0.000000000000000000e+00
-6.060000000000000000e+02 0.000000000000000000e+00
-6.040000000000000000e+02 0.000000000000000000e+00
-6.020000000000000000e+02 0.000000000000000000e+00
-6.000000000000000000e+02 0.000000000000000000e+00
-5.980000000000000000e+02 0.000000000000000000e+00
-5.960000000000000000e+02 0.000000000000000000e+00
-5.940000000000000000e+02 0.000000000000000000e+00
-5.920000000000000000e+02 0.000000000000000000e+00
-5.900000000000000000e+02 0.000000000000000000e+00
-5.880000000000000000e+02 0.000000000000000000e+00
-5.860000000000000000e+02 0.000000000000000000e+00
-5.840000000000000000e+02 0.000000000000000000e+00
-5.820000000000000000e+02 0.000000000000000000e+00
-5.800000000000000000e+02 0.000000000000000000e+00
-5.780000000000000000e+02 0.000000000000000000e+00
-5.760000000000000000e+02 0.000000000000000000e+00
-5.740000000000000000e+02 0.000000000000000000e+00
-5.720000000000000000e+02 0.000000000000000000e+00
-5.700000000000000000e+02 0.000000000000000000e+00
-5.680000000000000000e+02 0.000000000000000000e+00
-5.660000000000000000e+02 0.000000000000000000e+00
-5.640000000000000000e+02 0.000000000000000000e+00
-5.620000000000000000e+02 0.000000000000000000e+00
-5.600000000000000000e+02 0.000000000000000000e+00
-5.580000000000000000e+02 0.000000000000000000e+00
-5.560000000000000000e+02 0.000000000000000000e+00
-5.540000000000000000e+02 0.000000000000000000e+00
-5.520000000000000000e+02 0.000000000000000000e+00
-5.500000000000000000e+02 0.000000000000000000e+00
-5.480000000000000000e+02 0.000000000000000000e+00
-5.460000000000000000e+02 0.000000000000000000e+00
-5.440000000000000000e+02 0.000000000000000000e+00
-5.420000000000000000e+02 0.000000000000000000e+00
-5.400000000000000000e+02 0.000000000000000000e+00
-5.380000000000000000e+02 0.000000000000000000e+00
-5.360000000000000000e+02 0.000000000000000000e+00
-5.340000000000000000e+02 0.000000000000000000e+00
-5.320000000000000000e+02 0.000000000000000000e+00
-5.300000000000000000e+02 0.000000000000000000e+00
-5.280000000000000000e+02 0.000000000000000000e+00
-5.260000000000000000e+02 0.000000000000000000e+00
-5.240000000000000000e+02 0.000000000000000000e+00
-5.220000000000000000e+02 0.000000000000000000e+00
-5.200000000000000000e+02 0.000000000000000000e+00
-5.180000000000000000e+02 0.000000000000000000e+00
-5.160000000000000000e+02 0.000000000000000000e+00
-5.140000000000000000e+02 0.000000000000000000e+00
-5.120000000000000000e+02 0.000000000000000000e+00
-5.100000000000000000e+02 0.000000000000000000e+00
-5.080000000000000000e+02 0.000000000000000000e+00
-5.060000000000000000e+02 0.000000000000000000e+00
-5.040000000000000000e+02 0.000000000000000000e+00
-5.020000000000000000e+02 0.000000000000000000e+00
-5.000000000000000000e+02 0.000000000000000000e+00
-4.980000000000000000e+02 0.000000000000000000e+00
-4.960000000000000000e+02 0.000000000000000000e+00
-4.940000000000000000e+02 0.000000000000000000e+00
-4.920000000000000000e+02 0.000000000000000000e+00
-4.900000000000000000e+02 0.000000000000000000e+00
-4.880000000000000000e+02 0.000000000000000000e+00
-4.860000000000000000e+02 0.000000000000000000e+00
-4.840000000000000000e+02 0.000000000000000000e+00
-4.820000000000000000e+02 0.000000000000000000e+00
-4.800000000000000000e+02 0.000000000000000000e+00
-4.780000000000000000e+02 0.000000000000000000e+00
-4.760000000000000000e+02 0.000000000000000000e+00
-4.740000000000000000e+02 0.000000000000000000e+00
-4.720000000000000000e+02 0.000000000000000000e+00
-4.700000000000000000e+02 0.000000000000000000e+00
-4.680000000000000000e+02 0.000000000000000000e+00
-4.660000000000000000e+02 0.000000000000000000e+00
-4.640000000000000000e+02 0.000000000000000000e+00
-4.620000000000000000e+02 0.000000000000000000e+00
-4.600000000000000000e+02 0.000000000000000000e+00
-4.580000000000000000e+02 0.000000000000000000e+00
-4.560000000000000000e+02 0.000000000000000000e+00
-4.540000000000000000e+02 0.000000000000000000e+00
-4.520000000000000000e+02 0.000000000000000000e+00
-4.500000000000000000e+02 0.000000000000000000e+00
-4.480000000000000000e+02 0.000000000000000000e+00
-4.460000000000000000e+02 0.000000000000000000e+00
-4.440000000000000000e+02 0.000000000000000000e+00
-4.420000000000000000e+02 0.000000000000000000e+00
-4.400000000000000000e+02 0.000000000000000000e+00
-4.380000000000000000e+02 0.000000000000000000e+00
-4.360000000000000000e+02 0.000000000000000000e+00
-4.340000000000000000e+02 0.000000000000000000e+00
-4.320000000000000000e+02 0.000000000000000000e+00
-4.300000000000000000e+02 0.000000000000000000e+00
-4.280000000000000000e+02 0.000000000000000000e+00
-4.260000000000000000e+02 0.000000000000000000e+00
-4.240000000000000000e+02 0.000000000000000000e+00
-4.220000000000000000e+02 0.000000000000000000e+00
-4.200000000000000000e+02 0.000000000000000000e+00
-4.180000000000000000e+02 0.000000000000000000e+00
-4.160000000000000000e+02 0.000000000000000000e+00
-4.140000000000000000e+02 0.000000000000000000e+00
-4.120000000000000000e+02 0.000000000000000000e+00
-4.100000000000000000e+02 0.000000000000000000e+00
-4.080000000000000000e+02 0.000000000000000000e+00
-4.060000000000000000e+02 0.000000000000000000e+00
-4.040000000000000000e+02 0.000000000000000000e+00
-4.020000000000000000e+02 0.000000000000000000e+00
-4.000000000000000000e+02 0.000000000000000000e+00
-3.980000000000000000e+02 0.000000000000000000e+00
-3.960000000000000000e+02 0.000000000000000000e+00
-3.940000000000000000e+02 0.000000000000000000e+00
-3.920000000000000000e+02 0.000000000000000000e+00
-3.900000000000000000e+02 0.000000000000000000e+00
-3.880000000000000000e+02 0.000000000000000000e+00
-3.860000000000000000e+02 0.000000000000000000e+00
-3.840000000000000000e+02 0.000000000000000000e+00
-3.820000000000000000e+02 0.000000000000000000e+00
-3.800000000000000000e+02 0.000000000000000000e+00
-3.780000000000000000e+02 0.000000000000000000e+00
-3.760000000000000000e+02 0.000000000000000000e+00
-3.740000000000000000e+02 0.000000000000000000e+00
-3.720000000000000000e+02 0.000000000000000000e+00
-3.700000000000000000e+02 0.000000000000000000e+00
-3.680000000000000000e+02 0.000000000000000000e+00
-3.660000000000000000e+02 0.000000000000000000e+00
-3.640000000000000000e+02 0.000000000000000000e+00
-3.620000000000000000e+02 0.000000000000000000e+00
-3.600000000000000000e+02 0.000000000000000000e+00
-3.580000000000000000e+02 0.000000000000000000e+00
-3.560000000000000000e+02 0.000000000000000000e+00
-3.540000000000000000e+02 0.000000000000000000e+00
-3.520000000000000000e+02 0.000000000000000000e+00
-3.500000000000000000e+02 0.000000000000000000e+00
-3.480000000000000000e+02 0.000000000000000000e+00
-3.460000000000000000e+02 0.000000000000000000e+00
-3.440000000000000000e+02 0.000000000000000000e+00
-3.420000000000000000e+02 0.000000000000000000e+00
-3.400000000000000000e+02 0.000000000000000000e+00
-3.380000000000000000e+02 0.000000000000000000e+00
-3.360000000000000000e+02 0.000000000000000000e+00
-3.340000000000000000e+02 0.000000000000000000e+00
-3.320000000000000000e+02 0.000000000000000000e+00
-3.300000000000000000e+02 0.000000000000000000e+00
-3.280000000000000000e+02 0.000000000000000000e+00
-3.260000000000000000e+02 0.000000000000000000e+00
-3.240000000000000000e+02 0.000000000000000000e+00
-3.220000000000000000e+02 0.000000000000000000e+00
-3.200000000000000000e+02 0.000000000000000000e+00
-3.180000000000000000e+02 0.000000000000000000e+00
-3.160000000000000000e+02 0.000000000000000000e+00
-3.140000000000000000e+02 0.000000000000000000e+00
-3.120000000000000000e+02 0.000000000000000000e+00
-3.100000000000000000e+02 0.000000000000000000e+00
-3.080000000000000000e+02 0.000000000000000000e+00
-3.060000000000000000e+02 0.000000000000000000e+00
-3.040000000000000000e+02 0.000000000000000000e+00
-3.020000000000000000e+02 0.000000000000000000e+00
-3.000000000000000000e+02 0.000000000000000000e+00
-2.980000000000000000e+02 0.000000000000000000e+00
-2.960000000000000000e+02 0.000000000000000000e+00
-2.940000000000000000e+02 0.000000000000000000e+00
-2.920000000000000000e+02 0.000000000000000000e+00
-2.900000000000000000e+02 0.000000000000000000e+00
-2.880000000000000000e+02 0.000000000000000000e+00
-2.860000000000000000e+02 0.000000000000000000e+00
-2.840000000000000000e+02 0.000000000000000000e+00
-2.820000000000000000e+02 0.000000000000000000e+00
-2.800000000000000000e+02 0.000000000000000000e+00
-2.780000000000000000e+02 0.000000000000000000e+00
-2.760000000000000000e+02 0.000000000000000000e+00
-2.740000000000000000e+02 0.000000000000000000e+00
-2.720000000000000000e+02 0.000000000000000000e+00
-2.700000000000000000e+02 0.000000000000000000e+00
-2.680000000000000000e+02 0.000000000000000000e+00
-2.660000000000000000e+02 0.000000000000000000e+00
-2.640000000000000000e+02 0.000000000000000000e+00
-2.620000000000000000e+02 0.000000000000000000e+00
-2.600000000000000000e+02 0.000000000000000000e+00
-2.580000000000000000e+02 0.000000000000000000e+00
-2.560000000000000000e+02 0.000000000000000000e+00
-2.540000000000000000e+02 0.000000000000000000e+00
-2.520000000000000000e+02 0.000000000000000000e+00
-2.500000000000000000e+02 0.000000000000000000e+00
-2.480000000000000000e+02 0.000000000000000000e+00
-2.460000000000000000e+02 0.000000000000000000e+00
-2.440000000000000000e+02 0.000000000000000000e+00
-2.420000000000000000e+02 0.000000000000000000e+00
-2.400000000000000000e+02 0.000000000000000000e+00
-2.380000000000000000e+02 0.000000000000000000e+00
-2.360000000000000000e+02 0.000000000000000000e+00
-2.340000000000000000e+02 0.000000000000000000e+00
-2.320000000000000000e+02 0.000000000000000000e+00
-2.300000000000000000e+02 0.000000000000000000e+00
-2.280000000000000000e+02 0.000000000000000000e+00
-2.260000000000000000e+02 0.000000000000000000e+00
-2.240000000000000000e+02 0.000000000000000000e+00
-2.220000000000000000e+02 0.000000000000000000e+00
-2.200000000000000000e+02 0.000000000000000000e+00
-2.180000000000000000e+02 0.000000000000000000e+00
-2.160000000000000000e+02 0.000000000000000000e+00
-2.140000000000000000e+02 0.000000000000000000e+00
-2.120000000000000000e+02 0.000000000000000000e+00
-2.100000000000000000e+02 0.000000000000000000e+00
-2.080000000000000000e+02 0.000000000000000000e+00
-2.060000000000000000e+02 0.000000000000000000e+00
-2.040000000000000000e+02 0.000000000000000000e+00
-2.020000000000000000e+02 0.000000000000000000e+00
-2.000000000000000000e+02 0.000000000000000000e+00
-1.980000000000000000e+02 0.000000000000000000e+00
-1.960000000000000000e+02 0.000000000000000000e+00
-1.940000000000000000e+02 0.000000000000000000e+00
-1.920000000000000000e+02 0.000000000000000000e+00
-1.900000000000000000e+02 0.000000000000000000e+00
-1.880000000000000000e+02 0.000000000000000000e+00
-1.860000000000000000e+02 0.000000000000000000e+00
-1.840000000000000000e+02 0.000000000000000000e+00
-1.820000000000000000e+02 0.000000000000000000e+00
-1.800000000000000000e+02 0.000000000000000000e+00
-1.780000000000000000e+02 0.000000000000000000e+00
-1.760000000000000000e+02 0.000000000000000000e+00
-1.740000000000000000e+02 0.000000000000000000e+00
-1.720000000000000000e+02 0.000000000000000000e+00
-1.700000000000000000e+02 0.000000000000000000e+00
-1.680000000000000000e+02 1.285895929583380735e+02
-1.660000000000000000e+02 2.340464305272447803e+02
-1.640000000000000000e+02 1.741270888176626954e+02
-1.620000000000000000e+02 1.407717472931626901e+02
-1.600000000000000000e+02 1.216330693270460728e+02
-1.580000000000000000e+02 1.088370910089226271e+02
-1.560000000000000000e+02 9.956834107304878501e+01
-1.540000000000000000e+02 9.228567192711295775e+01
-1.520000000000000000e+02 8.642970823019106774e+01
-1.500000000000000000e+02 8.186692676589453299e+01
-1.480000000000000000e+02 7.792597958736875796e+01
-1.460000000000000000e+02 7.448742185723712339e+01
-1.440000000000000000e+02 7.161664555135628518e+01
-1.420000000000000000e+02 6.901273583489800956e+01
-1.400000000000000000e+02 6.683383944181412062e+01
-1.380000000000000000e+02 6.474033943476302966e+01
-1.360000000000000000e+02 6.291262592133661258e+01
-1.340000000000000000e+02 6.124858024942057710e+01
-1.320000000000000000e+02 5.984434549788007729e+01
-1.300000000000000000e+02 5.844164042208959842e+01
-1.280000000000000000e+02 5.713977799542379898e+01
-1.260000000000000000e+02 5.599995805813313865e+01
-1.240000000000000000e+02 5.487006229662981127e+01
-1.220000000000000000e+02 5.398044808177510845e+01
-1.200000000000000000e+02 5.306652598862756065e+01
-1.180000000000000000e+02 5.222933019571009083e+01
-1.160000000000000000e+02 5.141539835716483964e+01
-1.140000000000000000e+02 5.069782637837086980e+01
-1.120000000000000000e+02 4.992730702244354291e+01
-1.100000000000000000e+02 4.920190167801749226e+01
-1.080000000000000000e+02 4.870850622968503529e+01
-1.060000000000000000e+02 4.813771428452766799e+01
-1.040000000000000000e+02 4.742381860840246333e+01
-1.020000000000000000e+02 4.714262018104106033e+01
-1.000000000000000000e+02 4.640233884194491765e+01
-9.800000000000000000e+01 4.582776370932165122e+01
-9.600000000000000000e+01 4.598875212125685863e+01
-9.400000000000000000e+01 4.524553825693610776e+01
-9.200000000000000000e+01 4.488856041912714545e+01
-9.000000000000000000e+01 4.444550432666600415e+01
-8.800000000000000000e+01 4.421826957404564951e+01
-8.600000000000000000e+01 4.372515722413717754e+01
-8.400000000000000000e+01 4.345531887188030140e+01
-8.200000000000000000e+01 4.326891604765529564e+01
-8.000000000000000000e+01 4.282709302697389830e+01
-7.800000000000000000e+01 4.268080737693804139e+01
-7.600000000000000000e+01 4.238725023737063680e+01
-7.400000000000000000e+01 4.217080798758034632e+01
-7.200000000000000000e+01 4.202026866957974249e+01
-7.000000000000000000e+01 4.163155650686336884e+01
-6.800000000000000000e+01 4.157532620630094300e+01
-6.600000000000000000e+01 4.125907659599940303e+01
-6.400000000000000000e+01 4.121329007454713178e+01
-6.200000000000000000e+01 4.102113955106756293e+01
-6.000000000000000000e+01 4.078321935382921026e+01
-5.800000000000000000e+01 4.073453120351971535e+01
-5.600000000000000000e+01 4.088202387760991741e+01
-5.400000000000000000e+01 4.007179724598160675e+01
-5.200000000000000000e+01 4.026353618876457574e+01
-5.000000000000000000e+01 4.017765894103764168e+01
-4.800000000000000000e+01 4.008860353727880010e+01
-4.600000000000000000e+01 4.000612930035666892e+01
-4.400000000000000000e+01 3.987270317144573539e+01
-4.200000000000000000e+01 3.975996051574247048e+01
-4.000000000000000000e+01 3.992593712171156994e+01
-3.800000000000000000e+01 3.963325367888243278e+01
-3.600000000000000000e+01 3.966984737872819267e+01
-3.400000000000000000e+01 3.959192797620745097e+01
-3.200000000000000000e+01 3.959995553945645952e+01
-3.000000000000000000e+01 3.955942040121993841e+01
-2.800000000000000000e+01 3.944368424905506743e+01
-2.600000000000000000e+01 3.951252615674479785e+01
-2.400000000000000000e+01 3.946126474008818263e+01
-2.200000000000000000e+01 3.948337918032563465e+01
-2.000000000000000000e+01 3.943709618509236492e+01
-1.800000000000000000e+01 3.951624902137150031e+01
-1.600000000000000000e+01 3.961822747693737057e+01
-1.400000000000000000e+01 3.943703297897244653e+01
-1.200000000000000000e+01 3.957907537939988174e+01
-1.000000000000000000e+01 3.964255876070460971e+01
-8.000000000000000000e+00 3.961362327896927837e+01
-6.000000000000000000e+00 3.974681770806024872e+01
-4.000000000000000000e+00 3.978885945985684458e+01
-2.000000000000000000e+00 3.977665081135162239e+01
0.000000000000000000e+00 3.987658493752842759e+01
2.000000000000000000e+00 3.999557043361031106e+01
4.000000000000000000e+00 4.018390802206469203e+01
6.000000000000000000e+00 4.023257959967827446e+01
8.000000000000000000e+00 4.027176767642126975e+01
1.000000000000000000e+01 4.045329459157451879e+01
1.200000000000000000e+01 4.068922155876594360e+01
1.400000000000000000e+01 4.063685756092803558e+01
1.600000000000000000e+01 4.078709353583110442e+01
1.800000000000000000e+01 4.101305121068866555e+01
2.000000000000000000e+01 4.130779931725875542e+01
2.200000000000000000e+01 4.119038896047827336e+01
2.400000000000000000e+01 4.157754219644622395e+01
2.600000000000000000e+01 4.158906132679219070e+01
2.800000000000000000e+01 4.206608906623779376e+01
3.000000000000000000e+01 4.198963779288790477e+01
3.200000000000000000e+01 4.235941841341035285e+01
3.400000000000000000e+01 4.259952825016591049e+01
3.600000000000000000e+01 4.273259350398434009e+01
3.800000000000000000e+01 4.293309863497850642e+01
4.000000000000000000e+01 4.331184925724282664e+01
4.200000000000000000e+01 4.355131448288185680e+01
4.400000000000000000e+01 4.379929201168388886e+01
4.600000000000000000e+01 4.411325010767166788e+01
4.800000000000000000e+01 4.445968634422671784e+01
5.000000000000000000e+01 4.474995294950053193e+01
5.200000000000000000e+01 4.523805917279644717e+01
5.400000000000000000e+01 4.533893705138404329e+01
5.600000000000000000e+01 4.583519145697768948e+01
5.800000000000000000e+01 4.625686929545775428e+01
6.000000000000000000e+01 4.671364454520052334e+01
6.200000000000000000e+01 4.694246163641705749e+01
6.400000000000000000e+01 4.772202563038735690e+01
6.600000000000000000e+01 4.788977712986807944e+01
6.800000000000000000e+01 4.836631207499998908e+01
7.000000000000000000e+01 4.903415896329967438e+01
7.200000000000000000e+01 4.957458698886348003e+01
7.400000000000000000e+01 5.012908520410515223e+01
7.600000000000000000e+01 5.070181243279153449e+01
7.800000000000000000e+01 5.133166495158587850e+01
8.000000000000000000e+01 5.203502714010341634e+01
8.200000000000000000e+01 5.271619842698488156e+01
8.400000000000000000e+01 5.349147608990440972e+01
8.600000000000000000e+01 5.454830104914289279e+01
8.800000000000000000e+01 5.477159894124540074e+01
9.000000000000000000e+01 5.601633820621259474e+01
9.200000000000000000e+01 5.687467052044947025e+01
9.400000000000000000e+01 5.808819061544955531e+01
9.600000000000000000e+01 5.882972334707976358e+01
9.800000000000000000e+01 6.038965275327769433e+01
1.000000000000000000e+02 6.122860374250559090e+01
1.020000000000000000e+02 6.268552702134532240e+01
1.040000000000000000e+02 6.424730335107639689e+01
1.060000000000000000e+02 6.574320764889854729e+01
1.080000000000000000e+02 6.742532913484295420e+01
1.100000000000000000e+02 6.926387515007198203e+01
1.120000000000000000e+02 7.116687279086085027e+01
1.140000000000000000e+02 7.359642849891775995e+01
1.160000000000000000e+02 7.592197502625408845e+01
1.180000000000000000e+02 7.891431728308184290e+01
1.200000000000000000e+02 8.200827358531689981e+01
1.220000000000000000e+02 8.554227048959140234e+01
1.240000000000000000e+02 8.972181455497123181e+01
1.260000000000000000e+02 9.462813183564446717e+01
1.280000000000000000e+02 1.003262675565733275e+02
1.300000000000000000e+02 1.074495156088139680e+02
1.320000000000000000e+02 1.165587907887247212e+02
1.340000000000000000e+02 1.281123960543997669e+02
1.360000000000000000e+02 1.446312846987796092e+02
1.380000000000000000e+02 1.698917141083750550e+02
1.400000000000000000e+02 2.163483073982781377e+02
1.420000000000000000e+02 2.938293723949422542e+02
1.440000000000000000e+02 7.954352943844553181e+01
1.460000000000000000e+02 0.000000000000000000e+00
1.480000000000000000e+02 0.000000000000000000e+00
1.500000000000000000e+02 0.000000000000000000e+00
1.520000000000000000e+02 0.000000000000000000e+00
1.540000000000000000e+02 0.000000000000000000e+00
1.560000000000000000e+02 0.000000000000000000e+00
1.580000000000000000e+02 0.000000000000000000e+00
1.600000000000000000e+02 0.000000000000000000e+00
1.620000000000000000e+02 0.000000000000000000e+00
1.640000000000000000e+02 0.000000000000000000e+00
1.660000000000000000e+02 0.000000000000000000e+00
1.680000000000000000e+02 0.000000000000000000e+00
1.700000000000000000e+02 0.000000000000000000e+00
1.720000000000000000e+02 0.000000000000000000e+00
1.740000000000000000e+02 0.000000000000000000e+00
1.760000000000000000e+02 0.000000000000000000e+00
1.780000000000000000e+02 0.000000000000000000e+00
1.800000000000000000e+02 0.000000000000000000e+00
1.820000000000000000e+02 0.000000000000000000e+00
1.840000000000000000e+02 0.000000000000000000e+00
1.860000000000000000e+02 0.000000000000000000e+00
1.880000000000000000e+02 0.000000000000000000e+00
1.900000000000000000e+02 0.000000000000000000e+00
1.920000000000000000e+02 0.000000000000000000e+00
1.940000000000000000e+02 0.000000000000000000e+00
1.960000000000000000e+02 0.000000000000000000e+00
1.980000000000000000e+02 0.000000000000000000e+00
2.000000000000000000e+02 0.000000000000000000e+00
2.020000000000000000e+02 0.000000000000000000e+00
2.040000000000000000e+02 0.000000000000000000e+00
2.060000000000000000e+02 0.000000000000000000e+00
2.080000000000000000e+02 0.000000000000000000e+00
2.100000000000000000e+02 0.000000000000000000e+00
2.120000000000000000e+02 0.000000000000000000e+00
2.140000000000000000e+02 0.000000000000000000e+00
2.160000000000000000e+02 0.000000000000000000e+00
2.180000000000000000e+02 0.000000000000000000e+00
2.200000000000000000e+02 0.000000000000000000e+00
2.220000000000000000e+02 0.000000000000000000e+00
2.240000000000000000e+02 0.000000000000000000e+00
2.260000000000000000e+02 0.000000000000000000e+00
2.280000000000000000e+02 0.000000000000000000e+00
2.300000000000000000e+02 0.000000000000000000e+00
2.320000000000000000e+02 0.000000000000000000e+00
2.340000000000000000e+02 0.000000000000000000e+00
2.360000000000000000e+02 0.000000000000000000e+00
2.380000000000000000e+02 0.000000000000000000e+00
2.400000000000000000e+02 0.000000000000000000e+00
2.420000000000000000e+02 0.000000000000000000e+00
2.440000000000000000e+02 0.000000000000000000e+00
2.460000000000000000e+02 0.000000000000000000e+00
2.480000000000000000e+02 0.000000000000000000e+00
2.500000000000000000e+02 0.000000000000000000e+00
2.520000000000000000e+02 0.000000000000000000e+00
2.540000000000000000e+02 0.000000000000000000e+00
2.560000000000000000e+02 0.000000000000000000e+00
2.580000000000000000e+02 0.000000000000000000e+00
2.600000000000000000e+02 0.000000000000000000e+00
2.620000000000000000e+02 0.000000000000000000e+00
2.640000000000000000e+02 0.000000000000000000e+00
2.660000000000000000e+02 0.000000000000000000e+00
2.680000000000000000e+02 0.000000000000000000e+00
2.700000000000000000e+02 0.000000000000000000e+00
2.720000000000000000e+02 0.000000000000000000e+00
2.740000000000000000e+02 0.000000000000000000e+00
2.760000000000000000e+02 0.000000000000000000e+00
2.780000000000000000e+02 0.000000000000000000e+00
2.800000000000000000e+02 0.000000000000000000e+00
2.820000000000000000e+02 0.000000000000000000e+00
2.840000000000000000e+02 0.000000000000000000e+00
2.860000000000000000e+02 0.000000000000000000e+00
2.880000000000000000e+02 0.000000000000000000e+00
2.900000000000000000e+02 0.000000000000000000e+00
2.920000000000000000e+02 0.000000000000000000e+00
2.940000000000000000e+02 0.000000000000000000e+00
2.960000000000000000e+02 0.000000000000000000e+00
2.980000000000000000e+02 0.000000000000000000e+00
3.000000000000000000e+02 0.000000000000000000e+00
3.020000000000000000e+02 0.000000000000000000e+00
3.040000000000000000e+02 0.000000000000000000e+00
3.060000000000000000e+02 0.000000000000000000e+00
3.080000000000000000e+02 0.000000000000000000e+00
3.100000000000000000e+02 0.000000000000000000e+00
3.120000000000000000e+02 0.000000000000000000e+00
3.140000000000000000e+02 0.000000000000000000e+00
3.160000000000000000e+02 0.000000000000000000e+00
3.180000000000000000e+02 0.000000000000000000e+00
3.200000000000000000e+02 0.000000000000000000e+00
3.220000000000000000e+02 0.000000000000000000e+00
3.240000000000000000e+02 0.000000000000000000e+00
3.260000000000000000e+02 0.000000000000000000e+00
3.280000000000000000e+02 0.000000000000000000e+00
3.300000000000000000e+02 0.000000000000000000e+00
3.320000000000000000e+02 0.000000000000000000e+00
3.340000000000000000e+02 0.000000000000000000e+00
3.360000000000000000e+02 0.000000000000000000e+00
3.380000000000000000e+02 0.000000000000000000e+00
3.400000000000000000e+02 0.000000000000000000e+00
3.420000000000000000e+02 0.000000000000000000e+00
3.440000000000000000e+02 0.000000000000000000e+00
3.460000000000000000e+02 0.000000000000000000e+00
3.480000000000000000e+02 0.000000000000000000e+00
3.500000000000000000e+02 0.000000000000000000e+00
3.520000000000000000e+02 0.000000000000000000e+00
3.540000000000000000e+02 0.000000000000000000e+00
3.560000000000000000e+02 0.000000000000000000e+00
3.580000000000000000e+02 0.000000000000000000e+00
3.600000000000000000e+02 0.000000000000000000e+00
3.620000000000000000e+02 0.000000000000000000e+00
3.640000000000000000e+02 0.000000000000000000e+00
3.660000000000000000e+02 0.000000000000000000e+00
3.680000000000000000e+02 0.000000000000000000e+00
3.700000000000000000e+02 0.000000000000000000e+00
3.720000000000000000e+02 0.000000000000000000e+00
3.740000000000000000e+02 0.000000000000000000e+00
3.760000000000000000e+02 0.000000000000000000e+00
3.780000000000000000e+02 0.000000000000000000e+00
3.800000000000000000e+02 0.000000000000000000e+00
3.820000000000000000e+02 0.000000000000000000e+00
3.840000000000000000e+02 0.000000000000000000e+00
3.860000000000000000e+02 0.000000000000000000e+00
3.880000000000000000e+02 0.000000000000000000e+00
3.900000000000000000e+02 0.000000000000000000e+00
3.920000000000000000e+02 0.000000000000000000e+00
3.940000000000000000e+02 0.000000000000000000e+00
3.960000000000000000e+02 0.000000000000000000e+00
3.980000000000000000e+02 0.000000000000000000e+00
4.000000000000000000e+02 0.000000000000000000e+00
4.020000000000000000e+02 0.000000000000000000e+00
4.040000000000000000e+02 0.000000000000000000e+00
4.060000000000000000e+02 0.000000000000000000e+00
4.080000000000000000e+02 0.000000000000000000e+00
4.100000000000000000e+02 0.000000000000000000e+00
4.120000000000000000e+02 0.000000000000000000e+00
4.140000000000000000e+02 0.000000000000000000e+00
4.160000000000000000e+02 0.000000000000000000e+00
4.180000000000000000e+02 0.000000000000000000e+00
4.200000000000000000e+02 0.000000000000000000e+00
4.220000000000000000e+02 0.000000000000000000e+00
4.240000000000000000e+02 0.000000000000000000e+00
4.260000000000000000e+02 0.000000000000000000e+00
4.280000000000000000e+02 0.000000000000000000e+00
4.300000000000000000e+02 0.000000000000000000e+00
4.320000000000000000e+02 0.000000000000000000e+00
4.340000000000000000e+02 0.000000000000000000e+00
4.360000000000000000e+02 0.000000000000000000e+00
4.380000000000000000e+02 0.000000000000000000e+00
4.400000000000000000e+02 0.000000000000000000e+00
4.420000000000000000e+02 0.000000000000000000e+00
4.440000000000000000e+02 0.000000000000000000e+00
4.460000000000000000e+02 0.000000000000000000e+00
4.480000000000000000e+02 0.000000000000000000e+00
4.500000000000000000e+02 0.000000000000000000e+00
4.520000000000000000e+02 0.000000000000000000e+00
4.540000000000000000e+02 0.000000000000000000e+00
4.560000000000000000e+02 0.000000000000000000e+00
4.580000000000000000e+02 0.000000000000000000e+00
4.600000000000000000e+02 0.000000000000000000e+00
4.620000000000000000e+02 0.000000000000000000e+00
4.640000000000000000e+02 0.000000000000000000e+00
4.660000000000000000e+02 0.000000000000000000e+00
4.680000000000000000e+02 0.000000000000000000e+00
4.700000000000000000e+02 0.000000000000000000e+00
4.720000000000000000e+02 0.000000000000000000e+00
4.740000000000000000e+02 0.000000000000000000e+00
4.760000000000000000e+02 0.000000000000000000e+00
4.780000000000000000e+02 0.000000000000000000e+00
4.800000000000000000e+02 0.000000000000000000e+00
4.820000000000000000e+02 0.000000000000000000e+00
4.840000000000000000e+02 0.000000000000000000e+00
4.860000000000000000e+02 0.000000000000000000e+00
4.880000000000000000e+02 0.000000000000000000e+00
4.900000000000000000e+02 0.000000000000000000e+00
4.920000000000000000e+02 0.000000000000000000e+00
4.940000000000000000e+02 0.000000000000000000e+00
4.960000000000000000e+02 0.000000000000000000e+00
4.980000000000000000e+02 0.000000000000000000e+00
5.000000000000000000e+02 0.000000000000000000e+00
5.020000000000000000e+02 0.000000000000000000e+00
5.040000000000000000e+02 0.000000000000000000e+00
5.060000000000000000e+02 0.000000000000000000e+00
5.080000000000000000e+02 0.000000000000000000e+00
5.100000000000000000e+02 0.000000000000000000e+00
5.120000000000000000e+02 0.000000000000000000e+00
5.140000000000000000e+02 0.000000000000000000e+00
5.160000000000000000e+02 0.000000000000000000e+00
5.180000000000000000e+02 0.000000000000000000e+00
5.200000000000000000e+02 0.000000000000000000e+00
5.220000000000000000e+02 0.000000000000000000e+00
5.240000000000000000e+02 0.000000000000000000e+00
5.260000000000000000e+02 0.000000000000000000e+00
5.280000000000000000e+02 0.000000000000000000e+00
5.300000000000000000e+02 0.000000000000000000e+00
5.320000000000000000e+02 0.000000000000000000e+00
5.340000000000000000e+02 0.000000000000000000e+00
5.360000000000000000e+02 0.000000000000000000e+00
5.380000000000000000e+02 0.000000000000000000e+00
5.400000000000000000e+02 0.000000000000000000e+00
5.420000000000000000e+02 0.000000000000000000e+00
5.440000000000000000e+02 0.000000000000000000e+00
5.460000000000000000e+02 0.000000000000000000e+00
5.480000000000000000e+02 0.000000000000000000e+00
5.500000000000000000e+02 0.000000000000000000e+00
5.520000000000000000e+02 0.000000000000000000e+00
5.540000000000000000e+02 0.000000000000000000e+00
5.560000000000000000e+02 0.000000000000000000e+00
5.580000000000000000e+02 0.000000000000000000e+00
5.600000000000000000e+02 0.000000000000000000e+00
5.620000000000000000e+02 0.000000000000000000e+00
5.640000000000000000e+02 0.000000000000000000e+00
5.660000000000000000e+02 0.000000000000000000e+00
5.680000000000000000e+02 0.000000000000000000e+00
5.700000000000000000e+02 0.000000000000000000e+00
5.720000000000000000e+02 0.000000000000000000e+00
5.740000000000000000e+02 0.000000000000000000e+00
5.760000000000000000e+02 0.000000000000000000e+00
5.780000000000000000e+02 0.000000000000000000e+00
5.800000000000000000e+02 0.000000000000000000e+00
5.820000000000000000e+02 0.000000000000000000e+00
5.840000000000000000e+02 0.000000000000000000e+00
5.860000000000000000e+02 0.000000000000000000e+00
5.880000000000000000e+02 0.000000000000000000e+00
5.900000000000000000e+02 0.000000000000000000e+00
5.920000000000000000e+02 0.000000000000000000e+00
5.940000000000000000e+02 0.000000000000000000e+00
5.960000000000000000e+02 0.000000000000000000e+00
5.980000000000000000e+02 0.000000000000000000e+00
6.000000000000000000e+02 0.000000000000000000e+00
6.020000000000000000e+02 0.000000000000000000e+00
6.040000000000000000e+02 0.000000000000000000e+00
6.060000000000000000e+02 0.000000000000000000e+00
6.080000000000000000e+02 0.000000000000000000e+00
6.100000000000000000e+02 0.000000000000000000e+00
6.120000000000000000e+02 0.000000000000000000e+00
6.140000000000000000e+02 0.000000000000000000e+00
6.160000000000000000e+02 0.000000000000000000e+00
6.180000000000000000e+02 0.000000000000000000e+00
6.200000000000000000e+02 0.000000000000000000e+00
6.220000000000000000e+02 0.000000000000000000e+00
6.240000000000000000e+02 0.000000000000000000e+00
6.260000000000000000e+02 0.000000000000000000e+00
6.280000000000000000e+02 0.000000000000000000e+00
6.300000000000000000e+02 0.000000000000000000e+00
6.320000000000000000e+02 0.000000000000000000e+00
6.340000000000000000e+02 0.000000000000000000e+00
6.360000000000000000e+02 0.000000000000000000e+00
6.380000000000000000e+02 0.000000000000000000e+00
6.400000000000000000e+02 0.000000000000000000e+00
6.420000000000000000e+02 0.000000000000000000e+00
6.440000000000000000e+02 0.000000000000000000e+00
6.460000000000000000e+02 0.000000000000000000e+00
6.480000000000000000e+02 0.000000000000000000e+00
6.500000000000000000e+02 0.000000000000000000e+00
6.520000000000000000e+02 0.000000000000000000e+00
6.540000000000000000e+02 0.000000000000000000e+00
6.560000000000000000e+02 0.000000000000000000e+00
6.580000000000000000e+02 0.000000000000000000e+00
6.600000000000000000e+02 0.000000000000000000e+00
6.620000000000000000e+02 0.000000000000000000e+00
6.640000000000000000e+02 0.000000000000000000e+00
6.660000000000000000e+02 0.000000000000000000e+00
6.680000000000000000e+02 0.000000000000000000e+00
6.700000000000000000e+02 0.000000000000000000e+00
6.720000000000000000e+02 0.000000000000000000e+00
6.740000000000000000e+02 0.000000000000000000e+00
6.760000000000000000e+02 0.000000000000000000e+00
6.780000000000000000e+02 0.000000000000000000e+00
6.800000000000000000e+02 0.000000000000000000e+00
6.820000000000000000e+02 0.000000000000000000e+00
6.840000000000000000e+02 0.000000000000000000e+00
6.860000000000000000e+02 0.000000000000000000e+00
6.880000000000000000e+02 0.000000000000000000e+00
6.900000000000000000e+02 0.000000000000000000e+00
6.920000000000000000e+02 0.000000000000000000e+00
6.940000000000000000e+02 0.000000000000000000e+00
6.960000000000000000e+02 0.000000000000000000e+00
6.980000000000000000e+02 0.000000000000000000e+00
7.000000000000000000e+02 0.000000000000000000e+00
7.020000000000000000e+02 0.000000000000000000e+00
7.040000000000000000e+02 0.000000000000000000e+00
7.060000000000000000e+02 0.000000000000000000e+00
7.080000000000000000e+02 0.000000000000000000e+00
7.100000000000000000e+02 0.000000000000000000e+00
7.120000000000000000e+02 0.000000000000000000e+00
7.140000000000000000e+02 0.000000000000000000e+00
7.160000000000000000e+02 0.000000000000000000e+00
7.180000000000000000e+02 0.000000000000000000e+00
7.200000000000000000e+02 0.000000000000000000e+00
7.220000000000000000e+02 0.000000000000000000e+00
7.240000000000000000e+02 0.000000000000000000e+00
7.260000000000000000e+02 0.000000000000000000e+00
7.280000000000000000e+02 0.000000000000000000e+00
7.300000000000000000e+02 0.000000000000000000e+00
7.320000000000000000e+02 0.000000000000000000e+00
7.340000000000000000e+02 0.000000000000000000e+00
7.360000000000000000e+02 0.000000000000000000e+00
7.380000000000000000e+02 0.000000000000000000e+00
7.400000000000000000e+02 0.000000000000000000e+00
7.420000000000000000e+02 0.000000000000000000e+00
7.440000000000000000e+02 0.000000000000000000e+00
7.460000000000000000e+02 0.000000000000000000e+00
7.480000000000000000e+02 0.000000000000000000e+00
7.500000000000000000e+02 0.000000000000000000e+00
7.520000000000000000e+02 0.000000000000000000e+00
7.540000000000000000e+02 0.000000000000000000e+00
7.560000000000000000e+02 0.000000000000000000e+00
7.580000000000000000e+02 0.000000000000000000e+00
7.600000000000000000e+02 0.000000000000000000e+00
7.620000000000000000e+02 0.000000000000000000e+00
7.640000000000000000e+02 0.000000000000000000e+00
7.660000000000000000e+02 0.000000000000000000e+00
7.680000000000000000e+02 0.000000000000000000e+00
7.700000000000000000e+02 0.000000000000000000e+00
7.720000000000000000e+02 0.000000000000000000e+00
7.740000000000000000e+02 0.000000000000000000e+00
7.760000000000000000e+02 0.000000000000000000e+00
7.780000000000000000e+02 0.000000000000000000e+00
7.800000000000000000e+02 0.000000000000000000e+00
7.820000000000000000e+02 0.000000000000000000e+00
7.840000000000000000e+02 0.000000000000000000e+00
7.860000000000000000e+02 0.000000000000000000e+00
7.880000000000000000e+02 0.000000000000000000e+00
7.900000000000000000e+02 0.000000000000000000e+00
7.920000000000000000e+02 0.000000000000000000e+00
7.940000000000000000e+02 0.000000000000000000e+00
7.960000000000000000e+02 0.000000000000000000e+00
7.980000000000000000e+02 0.000000000000000000e+00
