-8.000000000000000000e+02 0.000000000000000000e+00
-7.980000000000000000e+02 0.000000000000000000e+00
-7.960000000000000000e+02 0.000000000000000000e+00
-7.940000000000000000e+02 0.000000000000000000e+00
-7.920000000000000000e+02 0.000000000000000000e+00
-7.900000000000000000e+02 0.000000000000000000e+00
-7.880000000000000000e+02 0.000000000000000000e+00
-7.860000000000000000e+02 0.000000000000000000e+00
-7.840000000000000000e+02 0.000000000000000000e+00
-7.820000000000000000e+02 0.000000000000000000e+00
-7.800000000000000000e+02 0.000000000000000000e+00
-7.780000000000000000e+02 0.000000000000000000e+00
-7.760000000000000000e+02 0.000000000000000000e+00
-7.740000000000000000e+02 0.000000000000000000e+00
-7.720000000000000000e+02 0.000000000000000000e+00
-7.700000000000000000e+02 0.000000000000000000e+00
-7.680000000000000000e+02 0.000000000000000000e+00
-7.660000000000000000e+02 0.000000000000000000e+00
-7.640000000000000000e+02 0.000000000000000000e+00
-7.620000000000000000e+02 0.000000000000000000e+00
-7.600000000000000000e+02 0.000000000000000000e+00
-7.580000000000000000e+02 0.000000000000000000e+00
-7.560000000000000000e+02 0.000000000000000000e+00
-7.540000000000000000e+02 0.000000000000000000e+00
-7.520000000000000000e+02 0.000000000000000000e+00
-7.500000000000000000e+02 0.000000000000000000e+00
-7.480000000000000000e+02 0.000000000000000000e+00
-7.460000000000000000e+02 0.000000000000000000e+00
-7.440000000000000000e+02 0.000000000000000000e+00
-7.420000000000000000e+02 0.000000000000000000e+00
-7.400000000000000000e+02 0.000000000000000000e+00
-7.380000000000000000e+02 0.000000000000000000e+00
-7.360000000000000000e+02 0.000000000000000000e+00
-7.340000000000000000e+02 0.000000000000000000e+00
-7.320000000000000000e+02 0.000000000000000000e+00
-7.300000000000000000e+02 0.000000000000000000e+00
-7.280000000000000000e+02 0.000000000000000000e+00
-7.260000000000000000e+02 0.000000000000000000e+00
-7.240000000000000000e+02 0.000000000000000000e+00
-7.220000000000000000e+02 0.000000000000000000e+00
-7.200000000000000000e+02 0.000000000000000000e+00
-7.180000000000000000e+02 0.000000000000000000e+00
-7.160000000000000000e+02 0.000000000000000000e+00
-7.140000000000000000e+02 0.000000000000000000e+00
-7.120000000000000000e+02 0.000000000000000000e+00
-7.100000000000000000e+02 0.000000000000000000e+00
-7.080000000000000000e+02 0.000000000000000000e+00
-7.060000000000000000e+02 0.000000000000000000e+00
-7.040000000000000000e+02 0.000000000000000000e+00
-7.020000000000000000e+02 0.000000000000000000e+00
-7.000000000000000000e+02 0.000000000000000000e+00
-6.980000000000000000e+02 0.000000000000000000e+00
-6.960000000000000000e+02 0.000000000000000000e+00
-6.940000000000000000e+02 0.000000000000000000e+00
-6.920000000000000000e+02 0.000000000000000000e+00
-6.900000000000000000e+02 0.000000000000000000e+00
-6.880000000000000000e+02 0.000000000000000000e+00
-6.860000000000000000e+02 0.000000000000000000e+00
-6.840000000000000000e+02 0.000000000000000000e+00
-6.820000000000000000e+02 0.000000000000000000e+00
-6.800000000000000000e+02 0.000000000000000000e+00
-6.780000000000000000e+02 0.000000000000000000e+00
-6.760000000000000000e+02 0.000000000000000000e+00
-6.740000000000000000e+02 0.000000000000000000e+00
-6.720000000000000000e+02 0.000000000000000000e+00
-6.700000000000000000e+02 0.000000000000000000e+00
-6.680000000000000000e+02 0.000000000000000000e+00
-6.660000000000000000e+02 0.000000000000000000e+00
-6.640000000000000000e+02 0.000000000000000000e+00
-6.620000000000000000e+02 0.000000000000000000e+00
-6.600000000000000000e+02 0.000000000000000000e+00
-6.580000000000000000e+02 0.000000000000000000e+00
-6.560000000000000000e+02 0.000000000000000000e+00
-6.540000000000000000e+02 0.000000000000000000e+00
-6.520000000000000000e+02 0.000000000000000000e+00
-6.500000000000000000e+02 0.000000000000000000e+00
-6.480000000000000000e+02 0.000000000000000000e+00
-6.460000000000000000e+02 0.000000000000000000e+00
-6.440000000000000000e+02 0.000000000000000000e+00
-6.420000000000000000e+02 0.000000000000000000e+00
-6.400000000000000000e+02 0.000000000000000000e+00
-6.380000000000000000e+02 0.000000000000000000e+00
-6.360000000000000000e+02 0.000000000000000000e+00
-6.340000000000000000e+02 0.000000000000000000e+00
-6.320000000000000000e+02 0.000000000000000000e+00
-6.300000000000000000e+02 0.000000000000000000e+00
-6.280000000000000000e+02 0.000000000000000000e+00
-6.260000000000000000e+02 0.000000000000000000e+00
-6.240000000000000000e+02 0.000000000000000000e+00
-6.220000000000000000e+02 0.000000000000000000e+00
-6.200000000000000000e+02 0.000000000000000000e+00
-6.180000000000000000e+02 0.000000000000000000e+00
-6.160000000000000000e+02 0.000000000000000000e+00
-6.140000000000000000e+02 0.000000000000000000e+00
-6.120000000000000000e+02 0.000000000000000000e+00
-6.100000000000000000e+02 0.000000000000000000e+00
-6.080000000000000000e+02 0.000000000000000000e+00
-6.060000000000000000e+02 0.000000000000000000e+00
-6.040000000000000000e+02 0.000000000000000000e+00
-6.020000000000000000e+02 0.000000000000000000e+00
-6.000000000000000000e+02 0.000000000000000000e+00
-5.980000000000000000e+02 0.000000000000000000e+00
-5.960000000000000000e+02 0.000000000000000000e+00
-5.940000000000000000e+02 0.000000000000000000e+00
-5.920000000000000000e+02 0.000000000000000000e+00
-5.900000000000000000e+02 0.000000000000000000e+00
-5.880000000000000000e+02 0.000000000000000000e+00
-5.860000000000000000e+02 0.000000000000000000e+00
-5.840000000000000000e+02 0.000000000000000000e+00
-5.820000000000000000e+02 0.000000000000000000e+00
-5.800000000000000000e+02 0.000000000000000000e+00
-5.780000000000000000e+02 0.000000000000000000e+00
-5.760000000000000000e+02 0.000000000000000000e+00
-5.740000000000000000e+02 0.000000000000000000e+00
-5.720000000000000000e+02 0.000000000000000000e+00
-5.700000000000000000e+02 0.000000000000000000e+00
-5.680000000000000000e+02 0.000000000000000000e+00
-5.660000000000000000e+02 0.000000000000000000e+00
-5.640000000000000000e+02 0.000000000000000000e+00
-5.620000000000000000e+02 0.000000000000000000e+00
-5.600000000000000000e+02 0.000000000000000000e+00
-5.580000000000000000e+02 0.000000000000000000e+00
-5.560000000000000000e+02 0.000000000000000000e+00
-5.540000000000000000e+02 0.000000000000000000e+00
-5.520000000000000000e+02 0.000000000000000000e+00
-5.500000000000000000e+02 0.000000000000000000e+00
-5.480000000000000000e+02 0.000000000000000000e+00
-5.460000000000000000e+02 0.000000000000000000e+00
-5.440000000000000000e+02 0.000000000000000000e+00
-5.420000000000000000e+02 0.000000000000000000e+00
-5.400000000000000000e+02 0.000000000000000000e+00
-5.380000000000000000e+02 0.000000000000000000e+00
-5.360000000000000000e+02 0.000000000000000000e+00
-5.340000000000000000e+02 0.000000000000000000e+00
-5.320000000000000000e+02 0.000000000000000000e+00
-5.300000000000000000e+02 0.000000000000000000e+00
-5.280000000000000000e+02 0.000000000000000000e+00
-5.260000000000000000e+02 0.000000000000000000e+00
-5.240000000000000000e+02 0.000000000000000000e+00
-5.220000000000000000e+02 0.000000000000000000e+00
-5.200000000000000000e+02 0.000000000000000000e+00
-5.180000000000000000e+02 0.000000000000000000e+00
-5.160000000000000000e+02 0.000000000000000000e+00
-5.140000000000000000e+02 0.000000000000000000e+00
-5.120000000000000000e+02 0.000000000000000000e+00
-5.100000000000000000e+02 0.000000000000000000e+00
-5.080000000000000000e+02 0.000000000000000000e+00
-5.060000000000000000e+02 0.000000000000000000e+00
-5.040000000000000000e+02 0.000000000000000000e+00
-5.020000000000000000e+02 0.000000000000000000e+00
-5.000000000000000000e+02 0.000000000000000000e+00
-4.980000000000000000e+02 0.000000000000000000e+00
-4.960000000000000000e+02 0.000000000000000000e+00
-4.940000000000000000e+02 0.000000000000000000e+00
-4.920000000000000000e+02 0.000000000000000000e+00
-4.900000000000000000e+02 0.000000000000000000e+00
-4.880000000000000000e+02 0.000000000000000000e+00
-4.860000000000000000e+02 0.000000000000000000e+00
-4.840000000000000000e+02 0.000000000000000000e+00
-4.820000000000000000e+02 0.000000000000000000e+00
-4.800000000000000000e+02 0.000000000000000000e+00
-4.780000000000000000e+02 0.000000000000000000e+00
-4.760000000000000000e+02 0.000000000000000000e+00
-4.740000000000000000e+02 0.000000000000000000e+00
-4.720000000000000000e+02 0.000000000000000000e+00
-4.700000000000000000e+02 0.000000000000000000e+00
-4.680000000000000000e+02 0.000000000000000000e+00
-4.660000000000000000e+02 0.000000000000000000e+00
-4.640000000000000000e+02 0.000000000000000000e+00
-4.620000000000000000e+02 0.000000000000000000e+00
-4.600000000000000000e+02 0.000000000000000000e+00
-4.580000000000000000e+02 0.000000000000000000e+00
-4.560000000000000000e+02 0.000000000000000000e+00
-4.540000000000000000e+02 0.000000000000000000e+00
-4.520000000000000000e+02 0.000000000000000000e+00
-4.500000000000000000e+02 0.000000000000000000e+00
-4.480000000000000000e+02 0.000000000000000000e+00
-4.460000000000000000e+02 0.000000000000000000e+00
-4.440000000000000000e+02 0.000000000000000000e+00
-4.420000000000000000e+02 0.000000000000000000e+00
-4.400000000000000000e+02 0.000000000000000000e+00
-4.380000000000000000e+02 0.000000000000000000e+00
-4.360000000000000000e+02 0.000000000000000000e+00
-4.340000000000000000e+02 0.000000000000000000e+00
-4.320000000000000000e+02 0.000000000000000000e+00
-4.300000000000000000e+02 0.000000000000000000e+00
-4.280000000000000000e+02 0.000000000000000000e+00
-4.260000000000000000e+02 0.000000000000000000e+00
-4.240000000000000000e+02 0.000000000000000000e+00
-4.220000000000000000e+02 0.000000000000000000e+00
-4.200000000000000000e+02 0.000000000000000000e+00
-4.180000000000000000e+02 0.000000000000000000e+00
-4.160000000000000000e+02 0.000000000000000000e+00
-4.140000000000000000e+02 0.000000000000000000e+00
-4.120000000000000000e+02 0.000000000000000000e+00
-4.100000000000000000e+02 0.000000000000000000e+00
-4.080000000000000000e+02 0.000000000000000000e+00
-4.060000000000000000e+02 0.000000000000000000e+00
-4.040000000000000000e+02 0.000000000000000000e+00
-4.020000000000000000e+02 0.000000000000000000e+00
-4.000000000000000000e+02 0.000000000000000000e+00
-3.980000000000000000e+02 0.000000000000000000e+00
-3.960000000000000000e+02 0.000000000000000000e+00
-3.940000000000000000e+02 0.000000000000000000e+00
-3.920000000000000000e+02 0.000000000000000000e+00
-3.900000000000000000e+02 0.000000000000000000e+00
-3.880000000000000000e+02 0.000000000000000000e+00
-3.860000000000000000e+02 0.000000000000000000e+00
-3.840000000000000000e+02 0.000000000000000000e+00
-3.820000000000000000e+02 0.000000000000000000e+00
-3.800000000000000000e+02 0.000000000000000000e+00
-3.780000000000000000e+02 0.000000000000000000e+00
-3.760000000000000000e+02 0.000000000000000000e+00
-3.740000000000000000e+02 0.000000000000000000e+00
-3.720000000000000000e+02 0.000000000000000000e+00
-3.700000000000000000e+02 0.000000000000000000e+00
-3.680000000000000000e+02 0.000000000000000000e+00
-3.660000000000000000e+02 0.000000000000000000e+00
-3.640000000000000000e+02 0.000000000000000000e+00
-3.620000000000000000e+02 0.000000000000000000e+00
-3.600000000000000000e+02 0.000000000000000000e+00
-3.580000000000000000e+02 5.023212193824371674e+00
-3.560000000000000000e+02 7.350663888731511975e+01
-3.540000000000000000e+02 1.058018943655905844e+02
-3.520000000000000000e+02 1.003751968946937438e+02
-3.500000000000000000e+02 8.548336491381593305e+01
-3.480000000000000000e+02 7.456965382649939045e+01
-3.460000000000000000e+02 6.677839014330801604e+01
-3.440000000000000000e+02 6.103778961153442850e+01
-3.420000000000000000e+02 5.650711583183952769e+01
-3.400000000000000000e+02 5.313918056917809452e+01
-3.380000000000000000e+02 4.999831888609767816e+01
-3.360000000000000000e+02 4.770628083151488852e+01
-3.340000000000000000e+02 4.549308266742140461e+01
-3.320000000000000000e+02 4.371355180221971892e+01
-3.300000000000000000e+02 4.203858253081054386e+01
-3.280000000000000000e+02 4.058655948328244278e+01
-3.260000000000000000e+02 3.936364897879523994e+01
-3.240000000000000000e+02 3.824104171034368704e+01
-3.220000000000000000e+02 3.716141988151734665e+01
-3.200000000000000000e+02 3.618043992726462221e+01
-3.180000000000000000e+02 3.534042457336272491e+01
-3.160000000000000000e+02 3.452226266030224622e+01
-3.140000000000000000e+02 3.376683749489561137e+01
-3.120000000000000000e+02 3.314502790686565703e+01
-3.100000000000000000e+02 3.246567719332530544e+01
-3.080000000000000000e+02 3.182999771598624861e+01
-3.060000000000000000e+02 3.124316153628223347e+01
-3.040000000000000000e+02 3.083771520592471660e+01
-3.020000000000000000e+02 3.024631537041213392e+01
-3.000000000000000000e+02 2.976821444502110481e+01
-2.980000000000000000e+02 2.938812016267018024e+01
-2.960000000000000000e+02 2.893988809883722269e+01
-2.940000000000000000e+02 2.854259532873770766e+01
-2.920000000000000000e+02 2.822731397104777784e+01
-2.900000000000000000e+02 2.771109435608293481e+01
-2.880000000000000000e+02 2.753605533645329118e+01
-2.860000000000000000e+02 2.724510696350320060e+01
-2.840000000000000000e+02 2.699088689040629063e+01
-2.820000000000000000e+02 2.640946969111075759e+01
-2.800000000000000000e+02 2.611595160896740708e+01
-2.780000000000000000e+02 2.633371840014310550e+01
-2.760000000000000000e+02 2.589007023127226859e+01
-2.740000000000000000e+02 2.551728937462770475e+01
-2.720000000000000000e+02 2.533181583022823347e+01
-2.700000000000000000e+02 2.513442007050630522e+01
-2.680000000000000000e+02 2.477636405881689896e+01
-2.660000000000000000e+02 2.469493581640428914e+01
-2.640000000000000000e+02 2.450612830938134934e+01
-2.620000000000000000e+02 2.435000099116487249e+01
-2.600000000000000000e+02 2.414635967339146561e+01
-2.580000000000000000e+02 2.390025230867101058e+01
-2.560000000000000000e+02 2.376681978630513825e+01
-2.540000000000000000e+02 2.366328746160976237e+01
-2.520000000000000000e+02 2.349148923157985180e+01
-2.500000000000000000e+02 2.329278584357764004e+01
-2.480000000000000000e+02 2.313721348295567992e+01
-2.460000000000000000e+02 2.293370226210571872e+01
-2.440000000000000000e+02 2.281145915244447053e+01
-2.420000000000000000e+02 2.290472035608037871e+01
-2.400000000000000000e+02 2.273108621994014200e+01
-2.380000000000000000e+02 2.244545791718940464e+01
-2.360000000000000000e+02 2.250030206475211614e+01
-2.340000000000000000e+02 2.226741261777619130e+01
-2.320000000000000000e+02 2.207085994919042449e+01
-2.300000000000000000e+02 2.212561095215052376e+01
-2.280000000000000000e+02 2.195894220406630737e+01
-2.260000000000000000e+02 2.190029757199892302e+01
-2.240000000000000000e+02 2.188752103105608171e+01
-2.220000000000000000e+02 2.171714701600080843e+01
-2.200000000000000000e+02 2.162207394285759676e+01
-2.180000000000000000e+02 2.138919858959942744e+01
-2.160000000000000000e+02 2.149095566086793951e+01
-2.140000000000000000e+02 2.143273620283148517e+01
-2.120000000000000000e+02 2.122358833298383374e+01
-2.100000000000000000e+02 2.124881758739943294e+01
-2.080000000000000000e+02 2.117441883549382808e+01
-2.060000000000000000e+02 2.121391379926255638e+01
-2.040000000000000000e+02 2.103575026927911651e+01
-2.020000000000000000e+02 2.103121082511008666e+01
-2.000000000000000000e+02 2.082804650133616065e+01
-1.980000000000000000e+02 2.094845529235775672e+01
-1.960000000000000000e+02 2.078647346931509787e+01
-1.940000000000000000e+02 2.074893226649159672e+01
-1.920000000000000000e+02 2.061407642152578035e+01
-1.900000000000000000e+02 2.075205778691254110e+01
-1.880000000000000000e+02 2.060142325940041985e+01
-1.860000000000000000e+02 2.029024053413951734e+01
-1.840000000000000000e+02 2.076919217864638156e+01
-1.820000000000000000e+02 2.051928295132743330e+01
-1.800000000000000000e+02 2.051099041249016608e+01
-1.780000000000000000e+02 2.041389315207858601e+01
-1.760000000000000000e+02 2.040375571924386122e+01
-1.740000000000000000e+02 2.034276159548321772e+01
-1.720000000000000000e+02 2.041724892882890785e+01
-1.700000000000000000e+02 2.029760805421799219e+01
-1.680000000000000000e+02 2.023436646733703270e+01
-1.660000000000000000e+02 2.031546600199094144e+01
-1.640000000000000000e+02 2.017584632844052095e+01
-1.620000000000000000e+02 2.024054367002379706e+01
-1.600000000000000000e+02 2.024900101335639491e+01
-1.580000000000000000e+02 2.019258927262663050e+01
-1.560000000000000000e+02 2.013444854661435102e+01
-1.540000000000000000e+02 2.014764744101830374e+01
-1.520000000000000000e+02 2.015599830592097774e+01
-1.500000000000000000e+02 2.017979993412308204e+01
-1.480000000000000000e+02 2.015980166210060531e+01
-1.460000000000000000e+02 2.003016633902640820e+01
-1.440000000000000000e+02 2.003114756091395421e+01
-1.420000000000000000e+02 2.027193711856006075e+01
-1.400000000000000000e+02 2.011442009579401002e+01
-1.380000000000000000e+02 2.006825231828819511e+01
-1.360000000000000000e+02 2.010652664014993363e+01
-1.340000000000000000e+02 2.014108304705748509e+01
-1.320000000000000000e+02 2.011550785761486537e+01
-1.300000000000000000e+02 2.008891797516671573e+01
-1.280000000000000000e+02 2.015071900496382540e+01
-1.260000000000000000e+02 2.018808016219544754e+01
-1.240000000000000000e+02 2.009708799699313531e+01
-1.220000000000000000e+02 2.018095353082093979e+01
-1.200000000000000000e+02 2.014944789366012046e+01
-1.180000000000000000e+02 2.027717812639778927e+01
-1.160000000000000000e+02 2.024823439809487624e+01
-1.140000000000000000e+02 2.025179065179068161e+01
-1.120000000000000000e+02 2.027022010387092266e+01
-1.100000000000000000e+02 2.027537319346968303e+01
-1.080000000000000000e+02 2.025050075033244568e+01
-1.060000000000000000e+02 2.028885908827671614e+01
-1.040000000000000000e+02 2.044616085362730828e+01
-1.020000000000000000e+02 2.033350536727323288e+01
-1.000000000000000000e+02 2.033972291087048134e+01
-9.800000000000000000e+01 2.060769977857489366e+01
-9.600000000000000000e+01 2.043608614139376556e+01
-9.400000000000000000e+01 2.049631225315339123e+01
-9.200000000000000000e+01 2.058387826896344208e+01
-9.000000000000000000e+01 2.059995266182716733e+01
-8.800000000000000000e+01 2.063562524023624434e+01
-8.600000000000000000e+01 2.070476719700037194e+01
-8.400000000000000000e+01 2.073011406199021778e+01
-8.200000000000000000e+01 2.074478865072898515e+01
-8.000000000000000000e+01 2.079773414304025891e+01
-7.800000000000000000e+01 2.088748638217603926e+01
-7.600000000000000000e+01 2.098103567752659160e+01
-7.400000000000000000e+01 2.095331983051026015e+01
-7.200000000000000000e+01 2.105089061332617462e+01
-7.000000000000000000e+01 2.107230451241953872e+01
-6.800000000000000000e+01 2.113981714179764992e+01
-6.600000000000000000e+01 2.126402955061895739e+01
-6.400000000000000000e+01 2.128381093258917645e+01
-6.200000000000000000e+01 2.135754903614857270e+01
-6.000000000000000000e+01 2.140784077453452028e+01
-5.800000000000000000e+01 2.150631573240032068e+01
-5.600000000000000000e+01 2.155488094366759100e+01
-5.400000000000000000e+01 2.167325768326611524e+01
-5.200000000000000000e+01 2.169434338225659786e+01
-5.000000000000000000e+01 2.179409552799306837e+01
-4.800000000000000000e+01 2.189838702848518892e+01
-4.600000000000000000e+01 2.197451181035647494e+01
-4.400000000000000000e+01 2.207966318025257380e+01
-4.200000000000000000e+01 2.218083063186048420e+01
-4.000000000000000000e+01 2.221863935214290464e+01
-3.800000000000000000e+01 2.242398446395224099e+01
-3.600000000000000000e+01 2.243692375675229655e+01
-3.400000000000000000e+01 2.259039179064345859e+01
-3.200000000000000000e+01 2.263609868489041332e+01
-3.000000000000000000e+01 2.276132245155745082e+01
-2.800000000000000000e+01 2.294747664126517250e+01
-2.600000000000000000e+01 2.301185598581647440e+01
-2.400000000000000000e+01 2.310538987631690944e+01
-2.200000000000000000e+01 2.325704533228196880e+01
-2.000000000000000000e+01 2.340754455575487825e+01
-1.800000000000000000e+01 2.352187101875067299e+01
-1.600000000000000000e+01 2.365917582703259470e+01
-1.400000000000000000e+01 2.381075840258583298e+01
-1.200000000000000000e+01 2.396315362989212616e+01
-1.000000000000000000e+01 2.410321502168482866e+01
-8.000000000000000000e+00 2.425183317078608169e+01
-6.000000000000000000e+00 2.437614862679539840e+01
-4.000000000000000000e+00 2.452538071837855682e+01
-2.000000000000000000e+00 2.481841062056969349e+01
0.000000000000000000e+00 2.498898351533874163e+01
2.000000000000000000e+00 2.519701113831869677e+01
4.000000000000000000e+00 2.519028935573940586e+01
6.000000000000000000e+00 2.553521586291878975e+01
8.000000000000000000e+00 2.574622320104657547e+01
1.000000000000000000e+01 2.598119628167686201e+01
1.200000000000000000e+01 2.620001901872891992e+01
1.400000000000000000e+01 2.645753850117995398e+01
1.600000000000000000e+01 2.666881011697502757e+01
1.800000000000000000e+01 2.684337434575330050e+01
2.000000000000000000e+01 2.717255167739727284e+01
2.200000000000000000e+01 2.745029968990470692e+01
2.400000000000000000e+01 2.772831838935553606e+01
2.600000000000000000e+01 2.788660045555259259e+01
2.800000000000000000e+01 2.817771813024028660e+01
3.000000000000000000e+01 2.853646600516623622e+01
3.200000000000000000e+01 2.892360429579267489e+01
3.400000000000000000e+01 2.906084983865396509e+01
3.600000000000000000e+01 2.951630028699597474e+01
3.800000000000000000e+01 2.978005327750812015e+01
4.000000000000000000e+01 3.015767279737536199e+01
4.200000000000000000e+01 3.045197679524872925e+01
4.400000000000000000e+01 3.107211090822202237e+01
4.600000000000000000e+01 3.117935911385124470e+01
4.800000000000000000e+01 3.173792248409146666e+01
5.000000000000000000e+01 3.214827122327365316e+01
5.200000000000000000e+01 3.249055603635940770e+01
5.400000000000000000e+01 3.304752930774965591e+01
5.600000000000000000e+01 3.350257197786428520e+01
5.800000000000000000e+01 3.405898238353366736e+01
6.000000000000000000e+01 3.450421957253853833e+01
6.200000000000000000e+01 3.505318418468567643e+01
6.400000000000000000e+01 3.570957338970969630e+01
6.600000000000000000e+01 3.626198292280911772e+01
6.800000000000000000e+01 3.696265510293113010e+01
7.000000000000000000e+01 3.745472396908434121e+01
7.200000000000000000e+01 3.838490518976988852e+01
7.400000000000000000e+01 3.887091084974054667e+01
7.600000000000000000e+01 3.984962911510524464e+01
7.800000000000000000e+01 4.050049104796670463e+01
8.000000000000000000e+01 4.140617174391635302e+01
8.200000000000000000e+01 4.242918124489247589e+01
8.400000000000000000e+01 4.325485957529910053e+01
8.600000000000000000e+01 4.437053856272824248e+01
8.800000000000000000e+01 4.543547864636317257e+01
9.000000000000000000e+01 4.675999992514898906e+01
9.200000000000000000e+01 4.781525198366215790e+01
9.400000000000000000e+01 4.920474731594774909e+01
9.600000000000000000e+01 5.073809784541148815e+01
9.800000000000000000e+01 5.223018342533134728e+01
1.000000000000000000e+02 5.389856194291157010e+01
1.020000000000000000e+02 5.582016853489769659e+01
1.040000000000000000e+02 5.782663752729359885e+01
1.060000000000000000e+02 6.005560478827850801e+01
1.080000000000000000e+02 6.232324315346215116e+01
1.100000000000000000e+02 6.507095606765177820e+01
1.120000000000000000e+02 6.808994851363245004e+01
1.140000000000000000e+02 7.134706138714901158e+01
1.160000000000000000e+02 7.541758379519110633e+01
1.180000000000000000e+02 7.925439399622528924e+01
1.200000000000000000e+02 8.454637521836231429e+01
1.220000000000000000e+02 9.000459968860405979e+01
1.240000000000000000e+02 9.695815739058922134e+01
1.260000000000000000e+02 1.050854642784703401e+02
1.280000000000000000e+02 1.147502835678939448e+02
1.300000000000000000e+02 1.272890951666208394e+02
1.320000000000000000e+02 1.435123130813056207e+02
1.340000000000000000e+02 1.652732658284687091e+02
1.360000000000000000e+02 1.966668364536025990e+02
1.380000000000000000e+02 2.468947730602532715e+02
1.400000000000000000e+02 3.417593791677938384e+02
1.420000000000000000e+02 5.095055225757902235e+02
1.440000000000000000e+02 1.446559163183322028e+02
1.460000000000000000e+02 0.000000000000000000e+00
1.480000000000000000e+02 0.000000000000000000e+00
1.500000000000000000e+02 0.000000000000000000e+00
1.520000000000000000e+02 0.000000000000000000e+00
1.540000000000000000e+02 0.000000000000000000e+00
1.560000000000000000e+02 0.000000000000000000e+00
1.580000000000000000e+02 0.000000000000000000e+00
1.600000000000000000e+02 0.000000000000000000e+00
1.620000000000000000e+02 0.000000000000000000e+00
1.640000000000000000e+02 0.000000000000000000e+00
1.660000000000000000e+02 0.000000000000000000e+00
1.680000000000000000e+02 0.000000000000000000e+00
1.700000000000000000e+02 0.000000000000000000e+00
1.720000000000000000e+02 0.000000000000000000e+00
1.740000000000000000e+02 0.000000000000000000e+00
1.760000000000000000e+02 0.000000000000000000e+00
1.780000000000000000e+02 0.000000000000000000e+00
1.800000000000000000e+02 0.000000000000000000e+00
1.820000000000000000e+02 0.000000000000000000e+00
1.840000000000000000e+02 0.000000000000000000e+00
1.860000000000000000e+02 0.000000000000000000e+00
1.880000000000000000e+02 0.000000000000000000e+00
1.900000000000000000e+02 0.000000000000000000e+00
1.920000000000000000e+02 0.000000000000000000e+00
1.940000000000000000e+02 0.000000000000000000e+00
1.960000000000000000e+02 0.000000000000000000e+00
1.980000000000000000e+02 0.000000000000000000e+00
2.000000000000000000e+02 0.000000000000000000e+00
2.020000000000000000e+02 0.000000000000000000e+00
2.040000000000000000e+02 0.000000000000000000e+00
2.060000000000000000e+02 0.000000000000000000e+00
2.080000000000000000e+02 0.000000000000000000e+00
2.100000000000000000e+02 0.000000000000000000e+00
2.120000000000000000e+02 0.000000000000000000e+00
2.140000000000000000e+02 0.000000000000000000e+00
2.160000000000000000e+02 0.000000000000000000e+00
2.180000000000000000e+02 0.000000000000000000e+00
2.200000000000000000e+02 0.000000000000000000e+00
2.220000000000000000e+02 0.000000000000000000e+00
2.240000000000000000e+02 0.000000000000000000e+00
2.260000000000000000e+02 0.000000000000000000e+00
2.280000000000000000e+02 0.000000000000000000e+00
2.300000000000000000e+02 0.000000000000000000e+00
2.320000000000000000e+02 0.000000000000000000e+00
2.340000000000000000e+02 0.000000000000000000e+00
2.360000000000000000e+02 0.000000000000000000e+00
2.380000000000000000e+02 0.000000000000000000e+00
2.400000000000000000e+02 0.000000000000000000e+00
2.420000000000000000e+02 0.000000000000000000e+00
2.440000000000000000e+02 0.000000000000000000e+00
2.460000000000000000e+02 0.000000000000000000e+00
2.480000000000000000e+02 0.000000000000000000e+00
2.500000000000000000e+02 0.000000000000000000e+00
2.520000000000000000e+02 0.000000000000000000e+00
2.540000000000000000e+02 0.000000000000000000e+00
2.560000000000000000e+02 0.000000000000000000e+00
2.580000000000000000e+02 0.000000000000000000e+00
2.600000000000000000e+02 0.000000000000000000e+00
2.620000000000000000e+02 0.000000000000000000e+00
2.640000000000000000e+02 0.000000000000000000e+00
2.660000000000000000e+02 0.000000000000000000e+00
2.680000000000000000e+02 0.000000000000000000e+00
2.700000000000000000e+02 0.000000000000000000e+00
2.720000000000000000e+02 0.000000000000000000e+00
2.740000000000000000e+02 0.000000000000000000e+00
2.760000000000000000e+02 0.000000000000000000e+00
2.780000000000000000e+02 0.000000000000000000e+00
2.800000000000000000e+02 0.000000000000000000e+00
2.820000000000000000e+02 0.000000000000000000e+00
2.840000000000000000e+02 0.000000000000000000e+00
2.860000000000000000e+02 0.000000000000000000e+00
2.880000000000000000e+02 0.000000000000000000e+00
2.900000000000000000e+02 0.000000000000000000e+00
2.920000000000000000e+02 0.000000000000000000e+00
2.940000000000000000e+02 0.000000000000000000e+00
2.960000000000000000e+02 0.000000000000000000e+00
2.980000000000000000e+02 0.000000000000000000e+00
3.000000000000000000e+02 0.000000000000000000e+00
3.020000000000000000e+02 0.000000000000000000e+00
3.040000000000000000e+02 0.000000000000000000e+00
3.060000000000000000e+02 0.000000000000000000e+00
3.080000000000000000e+02 0.000000000000000000e+00
3.100000000000000000e+02 0.000000000000000000e+00
3.120000000000000000e+02 0.000000000000000000e+00
3.140000000000000000e+02 0.000000000000000000e+00
3.160000000000000000e+02 0.000000000000000000e+00
3.180000000000000000e+02 0.000000000000000000e+00
3.200000000000000000e+02 0.000000000000000000e+00
3.220000000000000000e+02 0.000000000000000000e+00
3.240000000000000000e+02 0.000000000000000000e+00
3.260000000000000000e+02 0.000000000000000000e+00
3.280000000000000000e+02 0.000000000000000000e+00
3.300000000000000000e+02 0.000000000000000000e+00
3.320000000000000000e+02 0.000000000000000000e+00
3.340000000000000000e+02 0.000000000000000000e+00
3.360000000000000000e+02 0.000000000000000000e+00
3.380000000000000000e+02 0.000000000000000000e+00
3.400000000000000000e+02 0.000000000000000000e+00
3.420000000000000000e+02 0.000000000000000000e+00
3.440000000000000000e+02 0.000000000000000000e+00
3.460000000000000000e+02 0.000000000000000000e+00
3.480000000000000000e+02 0.000000000000000000e+00
3.500000000000000000e+02 0.000000000000000000e+00
3.520000000000000000e+02 0.000000000000000000e+00
3.540000000000000000e+02 0.000000000000000000e+00
3.560000000000000000e+02 0.000000000000000000e+00
3.580000000000000000e+02 0.000000000000000000e+00
3.600000000000000000e+02 0.000000000000000000e+00
3.620000000000000000e+02 0.000000000000000000e+00
3.640000000000000000e+02 0.000000000000000000e+00
3.660000000000000000e+02 0.000000000000000000e+00
3.680000000000000000e+02 0.000000000000000000e+00
3.700000000000000000e+02 0.000000000000000000e+00
3.720000000000000000e+02 0.000000000000000000e+00
3.740000000000000000e+02 0.000000000000000000e+00
3.760000000000000000e+02 0.000000000000000000e+00
3.780000000000000000e+02 0.000000000000000000e+00
3.800000000000000000e+02 0.000000000000000000e+00
3.820000000000000000e+02 0.000000000000000000e+00
3.840000000000000000e+02 0.000000000000000000e+00
3.860000000000000000e+02 0.000000000000000000e+00
3.880000000000000000e+02 0.000000000000000000e+00
3.900000000000000000e+02 0.000000000000000000e+00
3.920000000000000000e+02 0.000000000000000000e+00
3.940000000000000000e+02 0.000000000000000000e+00
3.960000000000000000e+02 0.000000000000000000e+00
3.980000000000000000e+02 0.000000000000000000e+00
4.000000000000000000e+02 0.000000000000000000e+00
4.020000000000000000e+02 0.000000000000000000e+00
4.040000000000000000e+02 0.000000000000000000e+00
4.060000000000000000e+02 0.000000000000000000e+00
4.080000000000000000e+02 0.000000000000000000e+00
4.100000000000000000e+02 0.000000000000000000e+00
4.120000000000000000e+02 0.000000000000000000e+00
4.140000000000000000e+02 0.000000000000000000e+00
4.160000000000000000e+02 0.000000000000000000e+00
4.180000000000000000e+02 0.000000000000000000e+00
4.200000000000000000e+02 0.000000000000000000e+00
4.220000000000000000e+02 0.000000000000000000e+00
4.240000000000000000e+02 0.000000000000000000e+00
4.260000000000000000e+02 0.000000000000000000e+00
4.280000000000000000e+02 0.000000000000000000e+00
4.300000000000000000e+02 0.000000000000000000e+00
4.320000000000000000e+02 0.000000000000000000e+00
4.340000000000000000e+02 0.000000000000000000e+00
4.360000000000000000e+02 0.000000000000000000e+00
4.380000000000000000e+02 0.000000000000000000e+00
4.400000000000000000e+02 0.000000000000000000e+00
4.420000000000000000e+02 0.000000000000000000e+00
4.440000000000000000e+02 0.000000000000000000e+00
4.460000000000000000e+02 0.000000000000000000e+00
4.480000000000000000e+02 0.000000000000000000e+00
4.500000000000000000e+02 0.000000000000000000e+00
4.520000000000000000e+02 0.000000000000000000e+00
4.540000000000000000e+02 0.000000000000000000e+00
4.560000000000000000e+02 0.000000000000000000e+00
4.580000000000000000e+02 0.000000000000000000e+00
4.600000000000000000e+02 0.000000000000000000e+00
4.620000000000000000e+02 0.000000000000000000e+00
4.640000000000000000e+02 0.000000000000000000e+00
4.660000000000000000e+02 0.000000000000000000e+00
4.680000000000000000e+02 0.000000000000000000e+00
4.700000000000000000e+02 0.000000000000000000e+00
4.720000000000000000e+02 0.000000000000000000e+00
4.740000000000000000e+02 0.000000000000000000e+00
4.760000000000000000e+02 0.000000000000000000e+00
4.780000000000000000e+02 0.000000000000000000e+00
4.800000000000000000e+02 0.000000000000000000e+00
4.820000000000000000e+02 0.000000000000000000e+00
4.840000000000000000e+02 0.000000000000000000e+00
4.860000000000000000e+02 0.000000000000000000e+00
4.880000000000000000e+02 0.000000000000000000e+00
4.900000000000000000e+02 0.000000000000000000e+00
4.920000000000000000e+02 0.000000000000000000e+00
4.940000000000000000e+02 0.000000000000000000e+00
4.960000000000000000e+02 0.000000000000000000e+00
4.980000000000000000e+02 0.000000000000000000e+00
5.000000000000000000e+02 0.000000000000000000e+00
5.020000000000000000e+02 0.000000000000000000e+00
5.040000000000000000e+02 0.000000000000000000e+00
5.060000000000000000e+02 0.000000000000000000e+00
5.080000000000000000e+02 0.000000000000000000e+00
5.100000000000000000e+02 0.000000000000000000e+00
5.120000000000000000e+02 0.000000000000000000e+00
5.140000000000000000e+02 0.000000000000000000e+00
5.160000000000000000e+02 0.000000000000000000e+00
5.180000000000000000e+02 0.000000000000000000e+00
5.200000000000000000e+02 0.000000000000000000e+00
5.220000000000000000e+02 0.000000000000000000e+00
5.240000000000000000e+02 0.000000000000000000e+00
5.260000000000000000e+02 0.000000000000000000e+00
5.280000000000000000e+02 0.000000000000000000e+00
5.300000000000000000e+02 0.000000000000000000e+00
5.320000000000000000e+02 0.000000000000000000e+00
5.340000000000000000e+02 0.000000000000000000e+00
5.360000000000000000e+02 0.000000000000000000e+00
5.380000000000000000e+02 0.000000000000000000e+00
5.400000000000000000e+02 0.000000000000000000e+00
5.420000000000000000e+02 0.000000000000000000e+00
5.440000000000000000e+02 0.000000000000000000e+00
5.460000000000000000e+02 0.000000000000000000e+00
5.480000000000000000e+02 0.000000000000000000e+00
5.500000000000000000e+02 0.000000000000000000e+00
5.520000000000000000e+02 0.000000000000000000e+00
5.540000000000000000e+02 0.000000000000000000e+00
5.560000000000000000e+02 0.000000000000000000e+00
5.580000000000000000e+02 0.000000000000000000e+00
5.600000000000000000e+02 0.000000000000000000e+00
5.620000000000000000e+02 0.000000000000000000e+00
5.640000000000000000e+02 0.000000000000000000e+00
5.660000000000000000e+02 0.000000000000000000e+00
5.680000000000000000e+02 0.000000000000000000e+00
5.700000000000000000e+02 0.000000000000000000e+00
5.720000000000000000e+02 0.000000000000000000e+00
5.740000000000000000e+02 0.000000000000000000e+00
5.760000000000000000e+02 0.000000000000000000e+00
5.780000000000000000e+02 0.000000000000000000e+00
5.800000000000000000e+02 0.000000000000000000e+00
5.820000000000000000e+02 0.000000000000000000e+00
5.840000000000000000e+02 0.000000000000000000e+00
5.860000000000000000e+02 0.000000000000000000e+00
5.880000000000000000e+02 0.000000000000000000e+00
5.900000000000000000e+02 0.000000000000000000e+00
5.920000000000000000e+02 0.000000000000000000e+00
5.940000000000000000e+02 0.000000000000000000e+00
5.960000000000000000e+02 0.000000000000000000e+00
5.980000000000000000e+02 0.000000000000000000e+00
6.000000000000000000e+02 0.000000000000000000e+00
6.020000000000000000e+02 0.000000000000000000e+00
6.040000000000000000e+02 0.000000000000000000e+00
6.060000000000000000e+02 0.000000000000000000e+00
6.080000000000000000e+02 0.000000000000000000e+00
6.100000000000000000e+02 0.000000000000000000e+00
6.120000000000000000e+02 0.000000000000000000e+00
6.140000000000000000e+02 0.000000000000000000e+00
6.160000000000000000e+02 0.000000000000000000e+00
6.180000000000000000e+02 0.000000000000000000e+00
6.200000000000000000e+02 0.000000000000000000e+00
6.220000000000000000e+02 0.000000000000000000e+00
6.240000000000000000e+02 0.000000000000000000e+00
6.260000000000000000e+02 0.000000000000000000e+00
6.280000000000000000e+02 0.000000000000000000e+00
6.300000000000000000e+02 0.000000000000000000e+00
6.320000000000000000e+02 0.000000000000000000e+00
6.340000000000000000e+02 0.000000000000000000e+00
6.360000000000000000e+02 0.000000000000000000e+00
6.380000000000000000e+02 0.000000000000000000e+00
6.400000000000000000e+02 0.000000000000000000e+00
6.420000000000000000e+02 0.000000000000000000e+00
6.440000000000000000e+02 0.000000000000000000e+00
6.460000000000000000e+02 0.000000000000000000e+00
6.480000000000000000e+02 0.000000000000000000e+00
6.500000000000000000e+02 0.000000000000000000e+00
6.520000000000000000e+02 0.000000000000000000e+00
6.540000000000000000e+02 0.000000000000000000e+00
6.560000000000000000e+02 0.000000000000000000e+00
6.580000000000000000e+02 0.000000000000000000e+00
6.600000000000000000e+02 0.000000000000000000e+00
6.620000000000000000e+02 0.000000000000000000e+00
6.640000000000000000e+02 0.000000000000000000e+00
6.660000000000000000e+02 0.000000000000000000e+00
6.680000000000000000e+02 0.000000000000000000e+00
6.700000000000000000e+02 0.000000000000000000e+00
6.720000000000000000e+02 0.000000000000000000e+00
6.740000000000000000e+02 0.000000000000000000e+00
6.760000000000000000e+02 0.000000000000000000e+00
6.780000000000000000e+02 0.000000000000000000e+00
6.800000000000000000e+02 0.000000000000000000e+00
6.820000000000000000e+02 0.000000000000000000e+00
6.840000000000000000e+02 0.000000000000000000e+00
6.860000000000000000e+02 0.000000000000000000e+00
6.880000000000000000e+02 0.000000000000000000e+00
6.900000000000000000e+02 0.000000000000000000e+00
6.920000000000000000e+02 0.000000000000000000e+00
6.940000000000000000e+02 0.000000000000000000e+00
6.960000000000000000e+02 0.000000000000000000e+00
6.980000000000000000e+02 0.000000000000000000e+00
7.000000000000000000e+02 0.000000000000000000e+00
7.020000000000000000e+02 0.000000000000000000e+00
7.040000000000000000e+02 0.000000000000000000e+00
7.060000000000000000e+02 0.000000000000000000e+00
7.080000000000000000e+02 0.000000000000000000e+00
7.100000000000000000e+02 0.000000000000000000e+00
7.120000000000000000e+02 0.000000000000000000e+00
7.140000000000000000e+02 0.000000000000000000e+00
7.160000000000000000e+02 0.000000000000000000e+00
7.180000000000000000e+02 0.000000000000000000e+00
7.200000000000000000e+02 0.000000000000000000e+00
7.220000000000000000e+02 0.000000000000000000e+00
7.240000000000000000e+02 0.000000000000000000e+00
7.260000000000000000e+02 0.000000000000000000e+00
7.280000000000000000e+02 0.000000000000000000e+00
7.300000000000000000e+02 0.000000000000000000e+00
7.320000000000000000e+02 0.000000000000000000e+00
7.340000000000000000e+02 0.000000000000000000e+00
7.360000000000000000e+02 0.000000000000000000e+00
7.380000000000000000e+02 0.000000000000000000e+00
7.400000000000000000e+02 0.000000000000000000e+00
7.420000000000000000e+02 0.000000000000000000e+00
7.440000000000000000e+02 0.000000000000000000e+00
7.460000000000000000e+02 0.000000000000000000e+00
7.480000000000000000e+02 0.000000000000000000e+00
7.500000000000000000e+02 0.000000000000000000e+00
7.520000000000000000e+02 0.000000000000000000e+00
7.540000000000000000e+02 0.000000000000000000e+00
7.560000000000000000e+02 0.000000000000000000e+00
7.580000000000000000e+02 0.000000000000000000e+00
7.600000000000000000e+02 0.000000000000000000e+00
7.620000000000000000e+02 0.000000000000000000e+00
7.640000000000000000e+02 0.000000000000000000e+00
7.660000000000000000e+02 0.000000000000000000e+00
7.680000000000000000e+02 0.000000000000000000e+00
7.700000000000000000e+02 0.000000000000000000e+00
7.720000000000000000e+02 0.000000000000000000e+00
7.740000000000000000e+02 0.000000000000000000e+00
7.760000000000000000e+02 0.000000000000000000e+00
7.780000000000000000e+02 0.000000000000000000e+00
7.800000000000000000e+02 0.000000000000000000e+00
7.820000000000000000e+02 0.000000000000000000e+00
7.840000000000000000e+02 0.000000000000000000e+00
7.860000000000000000e+02 0.000000000000000000e+00
7.880000000000000000e+02 0.000000000000000000e+00
7.900000000000000000e+02 0.000000000000000000e+00
7.920000000000000000e+02 0.000000000000000000e+00
7.940000000000000000e+02 0.000000000000000000e+00
7.960000000000000000e+02 0.000000000000000000e+00
7.980000000000000000e+02 0.000000000000000000e+00
