-8.000000000000000000e+02 0.000000000000000000e+00
-7.980000000000000000e+02 0.000000000000000000e+00
-7.960000000000000000e+02 0.000000000000000000e+00
-7.940000000000000000e+02 0.000000000000000000e+00
-7.920000000000000000e+02 0.000000000000000000e+00
-7.900000000000000000e+02 0.000000000000000000e+00
-7.880000000000000000e+02 0.000000000000000000e+00
-7.860000000000000000e+02 0.000000000000000000e+00
-7.840000000000000000e+02 0.000000000000000000e+00
-7.820000000000000000e+02 0.000000000000000000e+00
-7.800000000000000000e+02 0.000000000000000000e+00
-7.780000000000000000e+02 0.000000000000000000e+00
-7.760000000000000000e+02 0.000000000000000000e+00
-7.740000000000000000e+02 0.000000000000000000e+00
-7.720000000000000000e+02 0.000000000000000000e+00
-7.700000000000000000e+02 0.000000000000000000e+00
-7.680000000000000000e+02 0.000000000000000000e+00
-7.660000000000000000e+02 0.000000000000000000e+00
-7.640000000000000000e+02 0.000000000000000000e+00
-7.620000000000000000e+02 0.000000000000000000e+00
-7.600000000000000000e+02 0.000000000000000000e+00
-7.580000000000000000e+02 0.000000000000000000e+00
-7.560000000000000000e+02 0.000000000000000000e+00
-7.540000000000000000e+02 0.000000000000000000e+00
-7.520000000000000000e+02 0.000000000000000000e+00
-7.500000000000000000e+02 0.000000000000000000e+00
-7.480000000000000000e+02 0.000000000000000000e+00
-7.460000000000000000e+02 0.000000000000000000e+00
-7.440000000000000000e+02 0.000000000000000000e+00
-7.420000000000000000e+02 0.000000000000000000e+00
-7.400000000000000000e+02 0.000000000000000000e+00
-7.380000000000000000e+02 0.000000000000000000e+00
-7.360000000000000000e+02 0.000000000000000000e+00
-7.340000000000000000e+02 0.000000000000000000e+00
-7.320000000000000000e+02 0.000000000000000000e+00
-7.300000000000000000e+02 0.000000000000000000e+00
-7.280000000000000000e+02 0.000000000000000000e+00
-7.260000000000000000e+02 0.000000000000000000e+00
-7.240000000000000000e+02 0.000000000000000000e+00
-7.220000000000000000e+02 0.000000000000000000e+00
-7.200000000000000000e+02 0.000000000000000000e+00
-7.180000000000000000e+02 0.000000000000000000e+00
-7.160000000000000000e+02 0.000000000000000000e+00
-7.140000000000000000e+02 0.000000000000000000e+00
-7.120000000000000000e+02 0.000000000000000000e+00
-7.100000000000000000e+02 0.000000000000000000e+00
-7.080000000000000000e+02 0.000000000000000000e+00
-7.060000000000000000e+02 0.000000000000000000e+00
-7.040000000000000000e+02 0.000000000000000000e+00
-7.020000000000000000e+02 0.000000000000000000e+00
-7.000000000000000000e+02 0.000000000000000000e+00
-6.980000000000000000e+02 0.000000000000000000e+00
-6.960000000000000000e+02 0.000000000000000000e+00
-6.940000000000000000e+02 0.000000000000000000e+00
-6.920000000000000000e+02 0.000000000000000000e+00
-6.900000000000000000e+02 0.000000000000000000e+00
-6.880000000000000000e+02 0.000000000000000000e+00
-6.860000000000000000e+02 0.000000000000000000e+00
-6.840000000000000000e+02 0.000000000000000000e+00
-6.820000000000000000e+02 0.000000000000000000e+00
-6.800000000000000000e+02 0.000000000000000000e+00
-6.780000000000000000e+02 0.000000000000000000e+00
-6.760000000000000000e+02 0.000000000000000000e+00
-6.740000000000000000e+02 0.000000000000000000e+00
-6.720000000000000000e+02 0.000000000000000000e+00
-6.700000000000000000e+02 0.000000000000000000e+00
-6.680000000000000000e+02 0.000000000000000000e+00
-6.660000000000000000e+02 0.000000000000000000e+00
-6.640000000000000000e+02 0.000000000000000000e+00
-6.620000000000000000e+02 0.000000000000000000e+00
-6.600000000000000000e+02 0.000000000000000000e+00
-6.580000000000000000e+02 0.000000000000000000e+00
-6.560000000000000000e+02 0.000000000000000000e+00
-6.540000000000000000e+02 0.000000000000000000e+00
-6.520000000000000000e+02 0.000000000000000000e+00
-6.500000000000000000e+02 0.000000000000000000e+00
-6.480000000000000000e+02 0.000000000000000000e+00
-6.460000000000000000e+02 0.000000000000000000e+00
-6.440000000000000000e+02 0.000000000000000000e+00
-6.420000000000000000e+02 0.000000000000000000e+00
-6.400000000000000000e+02 0.000000000000000000e+00
-6.380000000000000000e+02 0.000000000000000000e+00
-6.360000000000000000e+02 0.000000000000000000e+00
-6.340000000000000000e+02 0.000000000000000000e+00
-6.320000000000000000e+02 0.000000000000000000e+00
-6.300000000000000000e+02 0.000000000000000000e+00
-6.280000000000000000e+02 0.000000000000000000e+00
-6.260000000000000000e+02 0.000000000000000000e+00
-6.240000000000000000e+02 0.000000000000000000e+00
-6.220000000000000000e+02 0.000000000000000000e+00
-6.200000000000000000e+02 0.000000000000000000e+00
-6.180000000000000000e+02 0.000000000000000000e+00
-6.160000000000000000e+02 0.000000000000000000e+00
-6.140000000000000000e+02 0.000000000000000000e+00
-6.120000000000000000e+02 0.000000000000000000e+00
-6.100000000000000000e+02 0.000000000000000000e+00
-6.080000000000000000e+02 0.000000000000000000e+00
-6.060000000000000000e+02 0.000000000000000000e+00
-6.040000000000000000e+02 0.000000000000000000e+00
-6.020000000000000000e+02 0.000000000000000000e+00
-6.000000000000000000e+02 0.000000000000000000e+00
-5.980000000000000000e+02 0.000000000000000000e+00
-5.960000000000000000e+02 0.000000000000000000e+00
-5.940000000000000000e+02 0.000000000000000000e+00
-5.920000000000000000e+02 0.000000000000000000e+00
-5.900000000000000000e+02 0.000000000000000000e+00
-5.880000000000000000e+02 0.000000000000000000e+00
-5.860000000000000000e+02 0.000000000000000000e+00
-5.840000000000000000e+02 0.000000000000000000e+00
-5.820000000000000000e+02 0.000000000000000000e+00
-5.800000000000000000e+02 0.000000000000000000e+00
-5.780000000000000000e+02 0.000000000000000000e+00
-5.760000000000000000e+02 0.000000000000000000e+00
-5.740000000000000000e+02 0.000000000000000000e+00
-5.720000000000000000e+02 0.000000000000000000e+00
-5.700000000000000000e+02 0.000000000000000000e+00
-5.680000000000000000e+02 0.000000000000000000e+00
-5.660000000000000000e+02 0.000000000000000000e+00
-5.640000000000000000e+02 0.000000000000000000e+00
-5.620000000000000000e+02 0.000000000000000000e+00
-5.600000000000000000e+02 0.000000000000000000e+00
-5.580000000000000000e+02 0.000000000000000000e+00
-5.560000000000000000e+02 0.000000000000000000e+00
-5.540000000000000000e+02 0.000000000000000000e+00
-5.520000000000000000e+02 0.000000000000000000e+00
-5.500000000000000000e+02 0.000000000000000000e+00
-5.480000000000000000e+02 0.000000000000000000e+00
-5.460000000000000000e+02 0.000000000000000000e+00
-5.440000000000000000e+02 0.000000000000000000e+00
-5.420000000000000000e+02 0.000000000000000000e+00
-5.400000000000000000e+02 0.000000000000000000e+00
-5.380000000000000000e+02 0.000000000000000000e+00
-5.360000000000000000e+02 0.000000000000000000e+00
-5.340000000000000000e+02 0.000000000000000000e+00
-5.320000000000000000e+02 0.000000000000000000e+00
-5.300000000000000000e+02 0.000000000000000000e+00
-5.280000000000000000e+02 0.000000000000000000e+00
-5.260000000000000000e+02 0.000000000000000000e+00
-5.240000000000000000e+02 0.000000000000000000e+00
-5.220000000000000000e+02 0.000000000000000000e+00
-5.200000000000000000e+02 0.000000000000000000e+00
-5.180000000000000000e+02 0.000000000000000000e+00
-5.160000000000000000e+02 0.000000000000000000e+00
-5.140000000000000000e+02 0.000000000000000000e+00
-5.120000000000000000e+02 0.000000000000000000e+00
-5.100000000000000000e+02 0.000000000000000000e+00
-5.080000000000000000e+02 0.000000000000000000e+00
-5.060000000000000000e+02 0.000000000000000000e+00
-5.040000000000000000e+02 0.000000000000000000e+00
-5.020000000000000000e+02 0.000000000000000000e+00
-5.000000000000000000e+02 0.000000000000000000e+00
-4.980000000000000000e+02 0.000000000000000000e+00
-4.960000000000000000e+02 0.000000000000000000e+00
-4.940000000000000000e+02 0.000000000000000000e+00
-4.920000000000000000e+02 0.000000000000000000e+00
-4.900000000000000000e+02 0.000000000000000000e+00
-4.880000000000000000e+02 0.000000000000000000e+00
-4.860000000000000000e+02 0.000000000000000000e+00
-4.840000000000000000e+02 0.000000000000000000e+00
-4.820000000000000000e+02 0.000000000000000000e+00
-4.800000000000000000e+02 0.000000000000000000e+00
-4.780000000000000000e+02 0.000000000000000000e+00
-4.760000000000000000e+02 0.000000000000000000e+00
-4.740000000000000000e+02 0.000000000000000000e+00
-4.720000000000000000e+02 0.000000000000000000e+00
-4.700000000000000000e+02 0.000000000000000000e+00
-4.680000000000000000e+02 0.000000000000000000e+00
-4.660000000000000000e+02 0.000000000000000000e+00
-4.640000000000000000e+02 0.000000000000000000e+00
-4.620000000000000000e+02 0.000000000000000000e+00
-4.600000000000000000e+02 0.000000000000000000e+00
-4.580000000000000000e+02 0.000000000000000000e+00
-4.560000000000000000e+02 0.000000000000000000e+00
-4.540000000000000000e+02 0.000000000000000000e+00
-4.520000000000000000e+02 0.000000000000000000e+00
-4.500000000000000000e+02 0.000000000000000000e+00
-4.480000000000000000e+02 0.000000000000000000e+00
-4.460000000000000000e+02 0.000000000000000000e+00
-4.440000000000000000e+02 0.000000000000000000e+00
-4.420000000000000000e+02 0.000000000000000000e+00
-4.400000000000000000e+02 0.000000000000000000e+00
-4.380000000000000000e+02 0.000000000000000000e+00
-4.360000000000000000e+02 0.000000000000000000e+00
-4.340000000000000000e+02 0.000000000000000000e+00
-4.320000000000000000e+02 0.000000000000000000e+00
-4.300000000000000000e+02 0.000000000000000000e+00
-4.280000000000000000e+02 0.000000000000000000e+00
-4.260000000000000000e+02 0.000000000000000000e+00
-4.240000000000000000e+02 0.000000000000000000e+00
-4.220000000000000000e+02 0.000000000000000000e+00
-4.200000000000000000e+02 0.000000000000000000e+00
-4.180000000000000000e+02 0.000000000000000000e+00
-4.160000000000000000e+02 0.000000000000000000e+00
-4.140000000000000000e+02 0.000000000000000000e+00
-4.120000000000000000e+02 0.000000000000000000e+00
-4.100000000000000000e+02 0.000000000000000000e+00
-4.080000000000000000e+02 0.000000000000000000e+00
-4.060000000000000000e+02 0.000000000000000000e+00
-4.040000000000000000e+02 0.000000000000000000e+00
-4.020000000000000000e+02 0.000000000000000000e+00
-4.000000000000000000e+02 0.000000000000000000e+00
-3.980000000000000000e+02 0.000000000000000000e+00
-3.960000000000000000e+02 0.000000000000000000e+00
-3.940000000000000000e+02 0.000000000000000000e+00
-3.920000000000000000e+02 0.000000000000000000e+00
-3.900000000000000000e+02 0.000000000000000000e+00
-3.880000000000000000e+02 0.000000000000000000e+00
-3.860000000000000000e+02 0.000000000000000000e+00
-3.840000000000000000e+02 0.000000000000000000e+00
-3.820000000000000000e+02 0.000000000000000000e+00
-3.800000000000000000e+02 0.000000000000000000e+00
-3.780000000000000000e+02 0.000000000000000000e+00
-3.760000000000000000e+02 0.000000000000000000e+00
-3.740000000000000000e+02 0.000000000000000000e+00
-3.720000000000000000e+02 0.000000000000000000e+00
-3.700000000000000000e+02 0.000000000000000000e+00
-3.680000000000000000e+02 0.000000000000000000e+00
-3.660000000000000000e+02 0.000000000000000000e+00
-3.640000000000000000e+02 0.000000000000000000e+00
-3.620000000000000000e+02 0.000000000000000000e+00
-3.600000000000000000e+02 0.000000000000000000e+00
-3.580000000000000000e+02 0.000000000000000000e+00
-3.560000000000000000e+02 0.000000000000000000e+00
-3.540000000000000000e+02 0.000000000000000000e+00
-3.520000000000000000e+02 0.000000000000000000e+00
-3.500000000000000000e+02 0.000000000000000000e+00
-3.480000000000000000e+02 0.000000000000000000e+00
-3.460000000000000000e+02 0.000000000000000000e+00
-3.440000000000000000e+02 0.000000000000000000e+00
-3.420000000000000000e+02 0.000000000000000000e+00
-3.400000000000000000e+02 0.000000000000000000e+00
-3.380000000000000000e+02 0.000000000000000000e+00
-3.360000000000000000e+02 0.000000000000000000e+00
-3.340000000000000000e+02 0.000000000000000000e+00
-3.320000000000000000e+02 2.518463578319122220e+01
-3.300000000000000000e+02 9.931965329381773699e+01
-3.280000000000000000e+02 1.150169528928130518e+02
-3.260000000000000000e+02 9.951271054427913043e+01
-3.240000000000000000e+02 8.464901420258880194e+01
-3.220000000000000000e+02 7.449257695656181966e+01
-3.200000000000000000e+02 6.726381874900967262e+01
-3.180000000000000000e+02 6.192698713775033070e+01
-3.160000000000000000e+02 5.768903480726869759e+01
-3.140000000000000000e+02 5.417745185064555358e+01
-3.120000000000000000e+02 5.140170666811048505e+01
-3.100000000000000000e+02 4.888432757966549502e+01
-3.080000000000000000e+02 4.689664000675057309e+01
-3.060000000000000000e+02 4.505338809894460184e+01
-3.040000000000000000e+02 4.342619049927240127e+01
-3.020000000000000000e+02 4.199207280887284099e+01
-3.000000000000000000e+02 4.065586411919741039e+01
-2.980000000000000000e+02 3.958740257992964473e+01
-2.960000000000000000e+02 3.848129847791494740e+01
-2.940000000000000000e+02 3.762636960902592875e+01
-2.920000000000000000e+02 3.664849920136461492e+01
-2.900000000000000000e+02 3.585690905006971718e+01
-2.880000000000000000e+02 3.511367263253916349e+01
-2.860000000000000000e+02 3.444398472095894448e+01
-2.840000000000000000e+02 3.373933263178912512e+01
-2.820000000000000000e+02 3.318152634032276893e+01
-2.800000000000000000e+02 3.259143063473336355e+01
-2.780000000000000000e+02 3.197986098412646427e+01
-2.760000000000000000e+02 3.163384443049779904e+01
-2.740000000000000000e+02 3.102160912052791630e+01
-2.720000000000000000e+02 3.069534867763595898e+01
-2.700000000000000000e+02 3.027350113032100865e+01
-2.680000000000000000e+02 2.982920450742779295e+01
-2.660000000000000000e+02 2.951887356973584531e+01
-2.640000000000000000e+02 2.919812341335629569e+01
-2.620000000000000000e+02 2.857751189741449238e+01
-2.600000000000000000e+02 2.852784680564888475e+01
-2.580000000000000000e+02 2.801894906206246816e+01
-2.560000000000000000e+02 2.790269396383321876e+01
-2.540000000000000000e+02 2.758876545210184261e+01
-2.520000000000000000e+02 2.734750271239481734e+01
-2.500000000000000000e+02 2.689016639044151802e+01
-2.480000000000000000e+02 2.693007897058445366e+01
-2.460000000000000000e+02 2.643699886233265062e+01
-2.440000000000000000e+02 2.634811522410291929e+01
-2.420000000000000000e+02 2.617524505759444153e+01
-2.400000000000000000e+02 2.592561385708742705e+01
-2.380000000000000000e+02 2.565746631484719131e+01
-2.360000000000000000e+02 2.551965688932146037e+01
-2.340000000000000000e+02 2.533433259707852514e+01
-2.320000000000000000e+02 2.517986140539195006e+01
-2.300000000000000000e+02 2.509930505371221443e+01
-2.280000000000000000e+02 2.482718515296924267e+01
-2.260000000000000000e+02 2.465384221891429206e+01
-2.240000000000000000e+02 2.461100116075102306e+01
-2.220000000000000000e+02 2.434064357734350281e+01
-2.200000000000000000e+02 2.429787510399657791e+01
-2.180000000000000000e+02 2.413457516134398162e+01
-2.160000000000000000e+02 2.396105261827884192e+01
-2.140000000000000000e+02 2.390435056271723369e+01
-2.120000000000000000e+02 2.365720838529202297e+01
-2.100000000000000000e+02 2.376145684753926446e+01
-2.080000000000000000e+02 2.350211184380094309e+01
-2.060000000000000000e+02 2.338584684791346291e+01
-2.040000000000000000e+02 2.336443147110312424e+01
-2.020000000000000000e+02 2.322077338876055919e+01
-2.000000000000000000e+02 2.307926339483587697e+01
-1.980000000000000000e+02 2.298650357445550441e+01
-1.960000000000000000e+02 2.309122966266071941e+01
-1.940000000000000000e+02 2.287714654516332757e+01
-1.920000000000000000e+02 2.275917857502324892e+01
-1.900000000000000000e+02 2.271370258719642976e+01
-1.880000000000000000e+02 2.271523186378315273e+01
-1.860000000000000000e+02 2.240215035740583360e+01
-1.840000000000000000e+02 2.266059678228053542e+01
-1.820000000000000000e+02 2.250834318972706782e+01
-1.800000000000000000e+02 2.237269575578684311e+01
-1.780000000000000000e+02 2.235383487312390827e+01
-1.760000000000000000e+02 2.222158159655258913e+01
-1.740000000000000000e+02 2.233685810656744763e+01
-1.720000000000000000e+02 2.233309080020329773e+01
-1.700000000000000000e+02 2.182852544509926318e+01
-1.680000000000000000e+02 2.204112572044752483e+01
-1.660000000000000000e+02 2.204653177394147079e+01
-1.640000000000000000e+02 2.202304565594882746e+01
-1.620000000000000000e+02 2.192933142431088456e+01
-1.600000000000000000e+02 2.188521546001550178e+01
-1.580000000000000000e+02 2.195487645102605612e+01
-1.560000000000000000e+02 2.183385531440221783e+01
-1.540000000000000000e+02 2.178825537465439055e+01
-1.520000000000000000e+02 2.180985483056542407e+01
-1.500000000000000000e+02 2.175570553141170294e+01
-1.480000000000000000e+02 2.179078921882318554e+01
-1.460000000000000000e+02 2.170956597125108445e+01
-1.440000000000000000e+02 2.174846007547028037e+01
-1.420000000000000000e+02 2.162226131244930727e+01
-1.400000000000000000e+02 2.167311603317446966e+01
-1.380000000000000000e+02 2.175143032764582429e+01
-1.360000000000000000e+02 2.175074953860248783e+01
-1.340000000000000000e+02 2.149753961650821310e+01
-1.320000000000000000e+02 2.169261732515390051e+01
-1.300000000000000000e+02 2.162695853118012224e+01
-1.280000000000000000e+02 2.157918368552872579e+01
-1.260000000000000000e+02 2.162260414544093834e+01
-1.240000000000000000e+02 2.168328887273196770e+01
-1.220000000000000000e+02 2.166967495185221892e+01
-1.200000000000000000e+02 2.163796839693368312e+01
-1.180000000000000000e+02 2.158216208075935327e+01
-1.160000000000000000e+02 2.166533089456717320e+01
-1.140000000000000000e+02 2.163420785470709973e+01
-1.120000000000000000e+02 2.168575404054759659e+01
-1.100000000000000000e+02 2.173039635829341876e+01
-1.080000000000000000e+02 2.164913320870210711e+01
-1.060000000000000000e+02 2.179161530233849220e+01
-1.040000000000000000e+02 2.175202733113546216e+01
-1.020000000000000000e+02 2.179149195825357666e+01
-1.000000000000000000e+02 2.176346899063587159e+01
-9.800000000000000000e+01 2.178694002271832630e+01
-9.600000000000000000e+01 2.188587456726586211e+01
-9.400000000000000000e+01 2.198134677177314344e+01
-9.200000000000000000e+01 2.178467185244835491e+01
-9.000000000000000000e+01 2.194642839756179598e+01
-8.800000000000000000e+01 2.196552393946158332e+01
-8.600000000000000000e+01 2.202933655035743854e+01
-8.400000000000000000e+01 2.211150926205180411e+01
-8.200000000000000000e+01 2.208327198590432872e+01
-8.000000000000000000e+01 2.208899368509770866e+01
-7.800000000000000000e+01 2.222232672689048982e+01
-7.600000000000000000e+01 2.221759703465349389e+01
-7.400000000000000000e+01 2.228891649000197006e+01
-7.200000000000000000e+01 2.241411766851732779e+01
-7.000000000000000000e+01 2.241903193291880925e+01
-6.800000000000000000e+01 2.236881862929153897e+01
-6.600000000000000000e+01 2.255852979514909862e+01
-6.400000000000000000e+01 2.252137077037009050e+01
-6.200000000000000000e+01 2.277083298307631054e+01
-6.000000000000000000e+01 2.264345950772198179e+01
-5.800000000000000000e+01 2.276913284357167555e+01
-5.600000000000000000e+01 2.286384218078512021e+01
-5.400000000000000000e+01 2.292386342272588706e+01
-5.200000000000000000e+01 2.295498086845940833e+01
-5.000000000000000000e+01 2.311971017209869217e+01
-4.800000000000000000e+01 2.315686388253222816e+01
-4.600000000000000000e+01 2.327650514192243847e+01
-4.400000000000000000e+01 2.340183609094458816e+01
-4.200000000000000000e+01 2.337966302112871730e+01
-4.000000000000000000e+01 2.353015467216469858e+01
-3.800000000000000000e+01 2.367233736025330515e+01
-3.600000000000000000e+01 2.375680412755964710e+01
-3.400000000000000000e+01 2.378654172284467805e+01
-3.200000000000000000e+01 2.399398962911588740e+01
-3.000000000000000000e+01 2.406102440533248910e+01
-2.800000000000000000e+01 2.419849547899681141e+01
-2.600000000000000000e+01 2.431391306483517312e+01
-2.400000000000000000e+01 2.437258099544158441e+01
-2.200000000000000000e+01 2.458549541444496356e+01
-2.000000000000000000e+01 2.464175318756769428e+01
-1.800000000000000000e+01 2.484645601460073649e+01
-1.600000000000000000e+01 2.494421366418661634e+01
-1.400000000000000000e+01 2.509546687319454250e+01
-1.200000000000000000e+01 2.525533160467332294e+01
-1.000000000000000000e+01 2.541350472011601624e+01
-8.000000000000000000e+00 2.553138453166780764e+01
-6.000000000000000000e+00 2.574063800401017943e+01
-4.000000000000000000e+00 2.588213126786059348e+01
-2.000000000000000000e+00 2.607798135440149068e+01
0.000000000000000000e+00 2.624677486519123448e+01
2.000000000000000000e+00 2.654768531816442234e+01
4.000000000000000000e+00 2.663723642500662336e+01
6.000000000000000000e+00 2.680700835028001805e+01
8.000000000000000000e+00 2.711450756415596075e+01
1.000000000000000000e+01 2.733378897555163434e+01
1.200000000000000000e+01 2.758262980915474927e+01
1.400000000000000000e+01 2.779236705631156212e+01
1.600000000000000000e+01 2.809497745721142081e+01
1.800000000000000000e+01 2.824893591133280779e+01
2.000000000000000000e+01 2.852342401979481323e+01
2.200000000000000000e+01 2.879100929757184701e+01
2.400000000000000000e+01 2.907583377929593382e+01
2.600000000000000000e+01 2.937693808170217835e+01
2.800000000000000000e+01 2.962825529659869517e+01
3.000000000000000000e+01 2.991423938739500699e+01
3.200000000000000000e+01 3.045230713601703698e+01
3.400000000000000000e+01 3.045610140588815540e+01
3.600000000000000000e+01 3.094072480261073466e+01
3.800000000000000000e+01 3.127580255672522824e+01
4.000000000000000000e+01 3.167707042236342474e+01
4.200000000000000000e+01 3.196669195510851580e+01
4.400000000000000000e+01 3.249007692034810901e+01
4.600000000000000000e+01 3.273968738895506903e+01
4.800000000000000000e+01 3.328971411163918503e+01
5.000000000000000000e+01 3.370625983662619518e+01
5.200000000000000000e+01 3.412637752748747033e+01
5.400000000000000000e+01 3.459771502054367431e+01
5.600000000000000000e+01 3.511646801128894424e+01
5.800000000000000000e+01 3.558588784123956117e+01
6.000000000000000000e+01 3.622037385615245597e+01
6.200000000000000000e+01 3.673887419674131394e+01
6.400000000000000000e+01 3.725840350860662653e+01
6.600000000000000000e+01 3.795082687793377119e+01
6.800000000000000000e+01 3.860301226535499808e+01
7.000000000000000000e+01 3.929383447773272309e+01
7.200000000000000000e+01 3.998828973234405737e+01
7.400000000000000000e+01 4.076611787609142112e+01
7.600000000000000000e+01 4.161484276744940303e+01
7.800000000000000000e+01 4.237326336212229450e+01
8.000000000000000000e+01 4.319425317222549410e+01
8.200000000000000000e+01 4.427666725729323360e+01
8.400000000000000000e+01 4.519010023282935862e+01
8.600000000000000000e+01 4.626188272225513742e+01
8.800000000000000000e+01 4.757055533094804645e+01
9.000000000000000000e+01 4.849652631138242498e+01
9.200000000000000000e+01 4.995285597034128244e+01
9.400000000000000000e+01 5.124931912467305750e+01
9.600000000000000000e+01 5.272376706330133800e+01
9.800000000000000000e+01 5.441422278884792973e+01
1.000000000000000000e+02 5.614009938946839640e+01
1.020000000000000000e+02 5.782802126166583889e+01
1.040000000000000000e+02 6.012812303744576070e+01
1.060000000000000000e+02 6.229091798947097658e+01
1.080000000000000000e+02 6.448548572706530990e+01
1.100000000000000000e+02 6.745939679656746080e+01
1.120000000000000000e+02 7.031199108617165905e+01
1.140000000000000000e+02 7.375607118177244104e+01
1.160000000000000000e+02 7.748374601211736490e+01
1.180000000000000000e+02 8.173090853399588696e+01
1.200000000000000000e+02 8.671059042046643128e+01
1.220000000000000000e+02 9.220138214323046100e+01
1.240000000000000000e+02 9.887128352626825745e+01
1.260000000000000000e+02 1.067535180557002263e+02
1.280000000000000000e+02 1.161378841239308031e+02
1.300000000000000000e+02 1.280958045014341451e+02
1.320000000000000000e+02 1.433004833101622637e+02
1.340000000000000000e+02 1.632461917307309989e+02
1.360000000000000000e+02 1.919614044622377094e+02
1.380000000000000000e+02 2.363885604576198887e+02
1.400000000000000000e+02 3.178098623884540075e+02
1.420000000000000000e+02 4.559754017528679242e+02
1.440000000000000000e+02 1.267496902126047758e+02
1.460000000000000000e+02 0.000000000000000000e+00
1.480000000000000000e+02 0.000000000000000000e+00
1.500000000000000000e+02 0.000000000000000000e+00
1.520000000000000000e+02 0.000000000000000000e+00
1.540000000000000000e+02 0.000000000000000000e+00
1.560000000000000000e+02 0.000000000000000000e+00
1.580000000000000000e+02 0.000000000000000000e+00
1.600000000000000000e+02 0.000000000000000000e+00
1.620000000000000000e+02 0.000000000000000000e+00
1.640000000000000000e+02 0.000000000000000000e+00
1.660000000000000000e+02 0.000000000000000000e+00
1.680000000000000000e+02 0.000000000000000000e+00
1.700000000000000000e+02 0.000000000000000000e+00
1.720000000000000000e+02 0.000000000000000000e+00
1.740000000000000000e+02 0.000000000000000000e+00
1.760000000000000000e+02 0.000000000000000000e+00
1.780000000000000000e+02 0.000000000000000000e+00
1.800000000000000000e+02 0.000000000000000000e+00
1.820000000000000000e+02 0.000000000000000000e+00
1.840000000000000000e+02 0.000000000000000000e+00
1.860000000000000000e+02 0.000000000000000000e+00
1.880000000000000000e+02 0.000000000000000000e+00
1.900000000000000000e+02 0.000000000000000000e+00
1.920000000000000000e+02 0.000000000000000000e+00
1.940000000000000000e+02 0.000000000000000000e+00
1.960000000000000000e+02 0.000000000000000000e+00
1.980000000000000000e+02 0.000000000000000000e+00
2.000000000000000000e+02 0.000000000000000000e+00
2.020000000000000000e+02 0.000000000000000000e+00
2.040000000000000000e+02 0.000000000000000000e+00
2.060000000000000000e+02 0.000000000000000000e+00
2.080000000000000000e+02 0.000000000000000000e+00
2.100000000000000000e+02 0.000000000000000000e+00
2.120000000000000000e+02 0.000000000000000000e+00
2.140000000000000000e+02 0.000000000000000000e+00
2.160000000000000000e+02 0.000000000000000000e+00
2.180000000000000000e+02 0.000000000000000000e+00
2.200000000000000000e+02 0.000000000000000000e+00
2.220000000000000000e+02 0.000000000000000000e+00
2.240000000000000000e+02 0.000000000000000000e+00
2.260000000000000000e+02 0.000000000000000000e+00
2.280000000000000000e+02 0.000000000000000000e+00
2.300000000000000000e+02 0.000000000000000000e+00
2.320000000000000000e+02 0.000000000000000000e+00
2.340000000000000000e+02 0.000000000000000000e+00
2.360000000000000000e+02 0.000000000000000000e+00
2.380000000000000000e+02 0.000000000000000000e+00
2.400000000000000000e+02 0.000000000000000000e+00
2.420000000000000000e+02 0.000000000000000000e+00
2.440000000000000000e+02 0.000000000000000000e+00
2.460000000000000000e+02 0.000000000000000000e+00
2.480000000000000000e+02 0.000000000000000000e+00
2.500000000000000000e+02 0.000000000000000000e+00
2.520000000000000000e+02 0.000000000000000000e+00
2.540000000000000000e+02 0.000000000000000000e+00
2.560000000000000000e+02 0.000000000000000000e+00
2.580000000000000000e+02 0.000000000000000000e+00
2.600000000000000000e+02 0.000000000000000000e+00
2.620000000000000000e+02 0.000000000000000000e+00
2.640000000000000000e+02 0.000000000000000000e+00
2.660000000000000000e+02 0.000000000000000000e+00
2.680000000000000000e+02 0.000000000000000000e+00
2.700000000000000000e+02 0.000000000000000000e+00
2.720000000000000000e+02 0.000000000000000000e+00
2.740000000000000000e+02 0.000000000000000000e+00
2.760000000000000000e+02 0.000000000000000000e+00
2.780000000000000000e+02 0.000000000000000000e+00
2.800000000000000000e+02 0.000000000000000000e+00
2.820000000000000000e+02 0.000000000000000000e+00
2.840000000000000000e+02 0.000000000000000000e+00
2.860000000000000000e+02 0.000000000000000000e+00
2.880000000000000000e+02 0.000000000000000000e+00
2.900000000000000000e+02 0.000000000000000000e+00
2.920000000000000000e+02 0.000000000000000000e+00
2.940000000000000000e+02 0.000000000000000000e+00
2.960000000000000000e+02 0.000000000000000000e+00
2.980000000000000000e+02 0.000000000000000000e+00
3.000000000000000000e+02 0.000000000000000000e+00
3.020000000000000000e+02 0.000000000000000000e+00
3.040000000000000000e+02 0.000000000000000000e+00
3.060000000000000000e+02 0.000000000000000000e+00
3.080000000000000000e+02 0.000000000000000000e+00
3.100000000000000000e+02 0.000000000000000000e+00
3.120000000000000000e+02 0.000000000000000000e+00
3.140000000000000000e+02 0.000000000000000000e+00
3.160000000000000000e+02 0.000000000000000000e+00
3.180000000000000000e+02 0.000000000000000000e+00
3.200000000000000000e+02 0.000000000000000000e+00
3.220000000000000000e+02 0.000000000000000000e+00
3.240000000000000000e+02 0.000000000000000000e+00
3.260000000000000000e+02 0.000000000000000000e+00
3.280000000000000000e+02 0.000000000000000000e+00
3.300000000000000000e+02 0.000000000000000000e+00
3.320000000000000000e+02 0.000000000000000000e+00
3.340000000000000000e+02 0.000000000000000000e+00
3.360000000000000000e+02 0.000000000000000000e+00
3.380000000000000000e+02 0.000000000000000000e+00
3.400000000000000000e+02 0.000000000000000000e+00
3.420000000000000000e+02 0.000000000000000000e+00
3.440000000000000000e+02 0.000000000000000000e+00
3.460000000000000000e+02 0.000000000000000000e+00
3.480000000000000000e+02 0.000000000000000000e+00
3.500000000000000000e+02 0.000000000000000000e+00
3.520000000000000000e+02 0.000000000000000000e+00
3.540000000000000000e+02 0.000000000000000000e+00
3.560000000000000000e+02 0.000000000000000000e+00
3.580000000000000000e+02 0.000000000000000000e+00
3.600000000000000000e+02 0.000000000000000000e+00
3.620000000000000000e+02 0.000000000000000000e+00
3.640000000000000000e+02 0.000000000000000000e+00
3.660000000000000000e+02 0.000000000000000000e+00
3.680000000000000000e+02 0.000000000000000000e+00
3.700000000000000000e+02 0.000000000000000000e+00
3.720000000000000000e+02 0.000000000000000000e+00
3.740000000000000000e+02 0.000000000000000000e+00
3.760000000000000000e+02 0.000000000000000000e+00
3.780000000000000000e+02 0.000000000000000000e+00
3.800000000000000000e+02 0.000000000000000000e+00
3.820000000000000000e+02 0.000000000000000000e+00
3.840000000000000000e+02 0.000000000000000000e+00
3.860000000000000000e+02 0.000000000000000000e+00
3.880000000000000000e+02 0.000000000000000000e+00
3.900000000000000000e+02 0.000000000000000000e+00
3.920000000000000000e+02 0.000000000000000000e+00
3.940000000000000000e+02 0.000000000000000000e+00
3.960000000000000000e+02 0.000000000000000000e+00
3.980000000000000000e+02 0.000000000000000000e+00
4.000000000000000000e+02 0.000000000000000000e+00
4.020000000000000000e+02 0.000000000000000000e+00
4.040000000000000000e+02 0.000000000000000000e+00
4.060000000000000000e+02 0.000000000000000000e+00
4.080000000000000000e+02 0.000000000000000000e+00
4.100000000000000000e+02 0.000000000000000000e+00
4.120000000000000000e+02 0.000000000000000000e+00
4.140000000000000000e+02 0.000000000000000000e+00
4.160000000000000000e+02 0.000000000000000000e+00
4.180000000000000000e+02 0.000000000000000000e+00
4.200000000000000000e+02 0.000000000000000000e+00
4.220000000000000000e+02 0.000000000000000000e+00
4.240000000000000000e+02 0.000000000000000000e+00
4.260000000000000000e+02 0.000000000000000000e+00
4.280000000000000000e+02 0.000000000000000000e+00
4.300000000000000000e+02 0.000000000000000000e+00
4.320000000000000000e+02 0.000000000000000000e+00
4.340000000000000000e+02 0.000000000000000000e+00
4.360000000000000000e+02 0.000000000000000000e+00
4.380000000000000000e+02 0.000000000000000000e+00
4.400000000000000000e+02 0.000000000000000000e+00
4.420000000000000000e+02 0.000000000000000000e+00
4.440000000000000000e+02 0.000000000000000000e+00
4.460000000000000000e+02 0.000000000000000000e+00
4.480000000000000000e+02 0.000000000000000000e+00
4.500000000000000000e+02 0.000000000000000000e+00
4.520000000000000000e+02 0.000000000000000000e+00
4.540000000000000000e+02 0.000000000000000000e+00
4.560000000000000000e+02 0.000000000000000000e+00
4.580000000000000000e+02 0.000000000000000000e+00
4.600000000000000000e+02 0.000000000000000000e+00
4.620000000000000000e+02 0.000000000000000000e+00
4.640000000000000000e+02 0.000000000000000000e+00
4.660000000000000000e+02 0.000000000000000000e+00
4.680000000000000000e+02 0.000000000000000000e+00
4.700000000000000000e+02 0.000000000000000000e+00
4.720000000000000000e+02 0.000000000000000000e+00
4.740000000000000000e+02 0.000000000000000000e+00
4.760000000000000000e+02 0.000000000000000000e+00
4.780000000000000000e+02 0.000000000000000000e+00
4.800000000000000000e+02 0.000000000000000000e+00
4.820000000000000000e+02 0.000000000000000000e+00
4.840000000000000000e+02 0.000000000000000000e+00
4.860000000000000000e+02 0.000000000000000000e+00
4.880000000000000000e+02 0.000000000000000000e+00
4.900000000000000000e+02 0.000000000000000000e+00
4.920000000000000000e+02 0.000000000000000000e+00
4.940000000000000000e+02 0.000000000000000000e+00
4.960000000000000000e+02 0.000000000000000000e+00
4.980000000000000000e+02 0.000000000000000000e+00
5.000000000000000000e+02 0.000000000000000000e+00
5.020000000000000000e+02 0.000000000000000000e+00
5.040000000000000000e+02 0.000000000000000000e+00
5.060000000000000000e+02 0.000000000000000000e+00
5.080000000000000000e+02 0.000000000000000000e+00
5.100000000000000000e+02 0.000000000000000000e+00
5.120000000000000000e+02 0.000000000000000000e+00
5.140000000000000000e+02 0.000000000000000000e+00
5.160000000000000000e+02 0.000000000000000000e+00
5.180000000000000000e+02 0.000000000000000000e+00
5.200000000000000000e+02 0.000000000000000000e+00
5.220000000000000000e+02 0.000000000000000000e+00
5.240000000000000000e+02 0.000000000000000000e+00
5.260000000000000000e+02 0.000000000000000000e+00
5.280000000000000000e+02 0.000000000000000000e+00
5.300000000000000000e+02 0.000000000000000000e+00
5.320000000000000000e+02 0.000000000000000000e+00
5.340000000000000000e+02 0.000000000000000000e+00
5.360000000000000000e+02 0.000000000000000000e+00
5.380000000000000000e+02 0.000000000000000000e+00
5.400000000000000000e+02 0.000000000000000000e+00
5.420000000000000000e+02 0.000000000000000000e+00
5.440000000000000000e+02 0.000000000000000000e+00
5.460000000000000000e+02 0.000000000000000000e+00
5.480000000000000000e+02 0.000000000000000000e+00
5.500000000000000000e+02 0.000000000000000000e+00
5.520000000000000000e+02 0.000000000000000000e+00
5.540000000000000000e+02 0.000000000000000000e+00
5.560000000000000000e+02 0.000000000000000000e+00
5.580000000000000000e+02 0.000000000000000000e+00
5.600000000000000000e+02 0.000000000000000000e+00
5.620000000000000000e+02 0.000000000000000000e+00
5.640000000000000000e+02 0.000000000000000000e+00
5.660000000000000000e+02 0.000000000000000000e+00
5.680000000000000000e+02 0.000000000000000000e+00
5.700000000000000000e+02 0.000000000000000000e+00
5.720000000000000000e+02 0.000000000000000000e+00
5.740000000000000000e+02 0.000000000000000000e+00
5.760000000000000000e+02 0.000000000000000000e+00
5.780000000000000000e+02 0.000000000000000000e+00
5.800000000000000000e+02 0.000000000000000000e+00
5.820000000000000000e+02 0.000000000000000000e+00
5.840000000000000000e+02 0.000000000000000000e+00
5.860000000000000000e+02 0.000000000000000000e+00
5.880000000000000000e+02 0.000000000000000000e+00
5.900000000000000000e+02 0.000000000000000000e+00
5.920000000000000000e+02 0.000000000000000000e+00
5.940000000000000000e+02 0.000000000000000000e+00
5.960000000000000000e+02 0.000000000000000000e+00
5.980000000000000000e+02 0.000000000000000000e+00
6.000000000000000000e+02 0.000000000000000000e+00
6.020000000000000000e+02 0.000000000000000000e+00
6.040000000000000000e+02 0.000000000000000000e+00
6.060000000000000000e+02 0.000000000000000000e+00
6.080000000000000000e+02 0.000000000000000000e+00
6.100000000000000000e+02 0.000000000000000000e+00
6.120000000000000000e+02 0.000000000000000000e+00
6.140000000000000000e+02 0.000000000000000000e+00
6.160000000000000000e+02 0.000000000000000000e+00
6.180000000000000000e+02 0.000000000000000000e+00
6.200000000000000000e+02 0.000000000000000000e+00
6.220000000000000000e+02 0.000000000000000000e+00
6.240000000000000000e+02 0.000000000000000000e+00
6.260000000000000000e+02 0.000000000000000000e+00
6.280000000000000000e+02 0.000000000000000000e+00
6.300000000000000000e+02 0.000000000000000000e+00
6.320000000000000000e+02 0.000000000000000000e+00
6.340000000000000000e+02 0.000000000000000000e+00
6.360000000000000000e+02 0.000000000000000000e+00
6.380000000000000000e+02 0.000000000000000000e+00
6.400000000000000000e+02 0.000000000000000000e+00
6.420000000000000000e+02 0.000000000000000000e+00
6.440000000000000000e+02 0.000000000000000000e+00
6.460000000000000000e+02 0.000000000000000000e+00
6.480000000000000000e+02 0.000000000000000000e+00
6.500000000000000000e+02 0.000000000000000000e+00
6.520000000000000000e+02 0.000000000000000000e+00
6.540000000000000000e+02 0.000000000000000000e+00
6.560000000000000000e+02 0.000000000000000000e+00
6.580000000000000000e+02 0.000000000000000000e+00
6.600000000000000000e+02 0.000000000000000000e+00
6.620000000000000000e+02 0.000000000000000000e+00
6.640000000000000000e+02 0.000000000000000000e+00
6.660000000000000000e+02 0.000000000000000000e+00
6.680000000000000000e+02 0.000000000000000000e+00
6.700000000000000000e+02 0.000000000000000000e+00
6.720000000000000000e+02 0.000000000000000000e+00
6.740000000000000000e+02 0.000000000000000000e+00
6.760000000000000000e+02 0.000000000000000000e+00
6.780000000000000000e+02 0.000000000000000000e+00
6.800000000000000000e+02 0.000000000000000000e+00
6.820000000000000000e+02 0.000000000000000000e+00
6.840000000000000000e+02 0.000000000000000000e+00
6.860000000000000000e+02 0.000000000000000000e+00
6.880000000000000000e+02 0.000000000000000000e+00
6.900000000000000000e+02 0.000000000000000000e+00
6.920000000000000000e+02 0.000000000000000000e+00
6.940000000000000000e+02 0.000000000000000000e+00
6.960000000000000000e+02 0.000000000000000000e+00
6.980000000000000000e+02 0.000000000000000000e+00
7.000000000000000000e+02 0.000000000000000000e+00
7.020000000000000000e+02 0.000000000000000000e+00
7.040000000000000000e+02 0.000000000000000000e+00
7.060000000000000000e+02 0.000000000000000000e+00
7.080000000000000000e+02 0.000000000000000000e+00
7.100000000000000000e+02 0.000000000000000000e+00
7.120000000000000000e+02 0.000000000000000000e+00
7.140000000000000000e+02 0.000000000000000000e+00
7.160000000000000000e+02 0.000000000000000000e+00
7.180000000000000000e+02 0.000000000000000000e+00
7.200000000000000000e+02 0.000000000000000000e+00
7.220000000000000000e+02 0.000000000000000000e+00
7.240000000000000000e+02 0.000000000000000000e+00
7.260000000000000000e+02 0.000000000000000000e+00
7.280000000000000000e+02 0.000000000000000000e+00
7.300000000000000000e+02 0.000000000000000000e+00
7.320000000000000000e+02 0.000000000000000000e+00
7.340000000000000000e+02 0.000000000000000000e+00
7.360000000000000000e+02 0.000000000000000000e+00
7.380000000000000000e+02 0.000000000000000000e+00
7.400000000000000000e+02 0.000000000000000000e+00
7.420000000000000000e+02 0.000000000000000000e+00
7.440000000000000000e+02 0.000000000000000000e+00
7.460000000000000000e+02 0.000000000000000000e+00
7.480000000000000000e+02 0.000000000000000000e+00
7.500000000000000000e+02 0.000000000000000000e+00
7.520000000000000000e+02 0.000000000000000000e+00
7.540000000000000000e+02 0.000000000000000000e+00
7.560000000000000000e+02 0.000000000000000000e+00
7.580000000000000000e+02 0.000000000000000000e+00
7.600000000000000000e+02 0.000000000000000000e+00
7.620000000000000000e+02 0.000000000000000000e+00
7.640000000000000000e+02 0.000000000000000000e+00
7.660000000000000000e+02 0.000000000000000000e+00
7.680000000000000000e+02 0.000000000000000000e+00
7.700000000000000000e+02 0.000000000000000000e+00
7.720000000000000000e+02 0.000000000000000000e+00
7.740000000000000000e+02 0.000000000000000000e+00
7.760000000000000000e+02 0.000000000000000000e+00
7.780000000000000000e+02 0.000000000000000000e+00
7.800000000000000000e+02 0.000000000000000000e+00
7.820000000000000000e+02 0.000000000000000000e+00
7.840000000000000000e+02 0.000000000000000000e+00
7.860000000000000000e+02 0.000000000000000000e+00
7.880000000000000000e+02 0.000000000000000000e+00
7.900000000000000000e+02 0.000000000000000000e+00
7.920000000000000000e+02 0.000000000000000000e+00
7.940000000000000000e+02 0.000000000000000000e+00
7.960000000000000000e+02 0.000000000000000000e+00
7.980000000000000000e+02 0.000000000000000000e+00
