-8.000000000000000000e+02 0.000000000000000000e+00
-7.980000000000000000e+02 0.000000000000000000e+00
-7.960000000000000000e+02 0.000000000000000000e+00
-7.940000000000000000e+02 0.000000000000000000e+00
-7.920000000000000000e+02 0.000000000000000000e+00
-7.900000000000000000e+02 0.000000000000000000e+00
-7.880000000000000000e+02 0.000000000000000000e+00
-7.860000000000000000e+02 0.000000000000000000e+00
-7.840000000000000000e+02 0.000000000000000000e+00
-7.820000000000000000e+02 0.000000000000000000e+00
-7.800000000000000000e+02 0.000000000000000000e+00
-7.780000000000000000e+02 0.000000000000000000e+00
-7.760000000000000000e+02 0.000000000000000000e+00
-7.740000000000000000e+02 0.000000000000000000e+00
-7.720000000000000000e+02 0.000000000000000000e+00
-7.700000000000000000e+02 0.000000000000000000e+00
-7.680000000000000000e+02 0.000000000000000000e+00
-7.660000000000000000e+02 0.000000000000000000e+00
-7.640000000000000000e+02 0.000000000000000000e+00
-7.620000000000000000e+02 0.000000000000000000e+00
-7.600000000000000000e+02 0.000000000000000000e+00
-7.580000000000000000e+02 0.000000000000000000e+00
-7.560000000000000000e+02 0.000000000000000000e+00
-7.540000000000000000e+02 0.000000000000000000e+00
-7.520000000000000000e+02 0.000000000000000000e+00
-7.500000000000000000e+02 0.000000000000000000e+00
-7.480000000000000000e+02 0.000000000000000000e+00
-7.460000000000000000e+02 0.000000000000000000e+00
-7.440000000000000000e+02 0.000000000000000000e+00
-7.420000000000000000e+02 0.000000000000000000e+00
-7.400000000000000000e+02 0.000000000000000000e+00
-7.380000000000000000e+02 0.000000000000000000e+00
-7.360000000000000000e+02 0.000000000000000000e+00
-7.340000000000000000e+02 0.000000000000000000e+00
-7.320000000000000000e+02 0.000000000000000000e+00
-7.300000000000000000e+02 0.000000000000000000e+00
-7.280000000000000000e+02 0.000000000000000000e+00
-7.260000000000000000e+02 0.000000000000000000e+00
-7.240000000000000000e+02 0.000000000000000000e+00
-7.220000000000000000e+02 0.000000000000000000e+00
-7.200000000000000000e+02 0.000000000000000000e+00
-7.180000000000000000e+02 0.000000000000000000e+00
-7.160000000000000000e+02 0.000000000000000000e+00
-7.140000000000000000e+02 0.000000000000000000e+00
-7.120000000000000000e+02 0.000000000000000000e+00
-7.100000000000000000e+02 0.000000000000000000e+00
-7.080000000000000000e+02 0.000000000000000000e+00
-7.060000000000000000e+02 0.000000000000000000e+00
-7.040000000000000000e+02 0.000000000000000000e+00
-7.020000000000000000e+02 0.000000000000000000e+00
-7.000000000000000000e+02 0.000000000000000000e+00
-6.980000000000000000e+02 0.000000000000000000e+00
-6.960000000000000000e+02 0.000000000000000000e+00
-6.940000000000000000e+02 0.000000000000000000e+00
-6.920000000000000000e+02 0.000000000000000000e+00
-6.900000000000000000e+02 0.000000000000000000e+00
-6.880000000000000000e+02 0.000000000000000000e+00
-6.860000000000000000e+02 0.000000000000000000e+00
-6.840000000000000000e+02 0.000000000000000000e+00
-6.820000000000000000e+02 0.000000000000000000e+00
-6.800000000000000000e+02 0.000000000000000000e+00
-6.780000000000000000e+02 0.000000000000000000e+00
-6.760000000000000000e+02 0.000000000000000000e+00
-6.740000000000000000e+02 0.000000000000000000e+00
-6.720000000000000000e+02 0.000000000000000000e+00
-6.700000000000000000e+02 0.000000000000000000e+00
-6.680000000000000000e+02 0.000000000000000000e+00
-6.660000000000000000e+02 0.000000000000000000e+00
-6.640000000000000000e+02 0.000000000000000000e+00
-6.620000000000000000e+02 0.000000000000000000e+00
-6.600000000000000000e+02 0.000000000000000000e+00
-6.580000000000000000e+02 0.000000000000000000e+00
-6.560000000000000000e+02 0.000000000000000000e+00
-6.540000000000000000e+02 0.000000000000000000e+00
-6.520000000000000000e+02 0.000000000000000000e+00
-6.500000000000000000e+02 0.000000000000000000e+00
-6.480000000000000000e+02 0.000000000000000000e+00
-6.460000000000000000e+02 0.000000000000000000e+00
-6.440000000000000000e+02 0.000000000000000000e+00
-6.420000000000000000e+02 0.000000000000000000e+00
-6.400000000000000000e+02 0.000000000000000000e+00
-6.380000000000000000e+02 0.000000000000000000e+00
-6.360000000000000000e+02 0.000000000000000000e+00
-6.340000000000000000e+02 0.000000000000000000e+00
-6.320000000000000000e+02 0.000000000000000000e+00
-6.300000000000000000e+02 0.000000000000000000e+00
-6.280000000000000000e+02 0.000000000000000000e+00
-6.260000000000000000e+02 0.000000000000000000e+00
-6.240000000000000000e+02 0.000000000000000000e+00
-6.220000000000000000e+02 0.000000000000000000e+00
-6.200000000000000000e+02 0.000000000000000000e+00
-6.180000000000000000e+02 0.000000000000000000e+00
-6.160000000000000000e+02 0.000000000000000000e+00
-6.140000000000000000e+02 0.000000000000000000e+00
-6.120000000000000000e+02 0.000000000000000000e+00
-6.100000000000000000e+02 0.000000000000000000e+00
-6.080000000000000000e+02 0.000000000000000000e+00
-6.060000000000000000e+02 0.000000000000000000e+00
-6.040000000000000000e+02 0.000000000000000000e+00
-6.020000000000000000e+02 0.000000000000000000e+00
-6.000000000000000000e+02 0.000000000000000000e+00
-5.980000000000000000e+02 0.000000000000000000e+00
-5.960000000000000000e+02 0.000000000000000000e+00
-5.940000000000000000e+02 0.000000000000000000e+00
-5.920000000000000000e+02 0.000000000000000000e+00
-5.900000000000000000e+02 0.000000000000000000e+00
-5.880000000000000000e+02 0.000000000000000000e+00
-5.860000000000000000e+02 0.000000000000000000e+00
-5.840000000000000000e+02 0.000000000000000000e+00
-5.820000000000000000e+02 0.000000000000000000e+00
-5.800000000000000000e+02 0.000000000000000000e+00
-5.780000000000000000e+02 0.000000000000000000e+00
-5.760000000000000000e+02 0.000000000000000000e+00
-5.740000000000000000e+02 0.000000000000000000e+00
-5.720000000000000000e+02 0.000000000000000000e+00
-5.700000000000000000e+02 0.000000000000000000e+00
-5.680000000000000000e+02 0.000000000000000000e+00
-5.660000000000000000e+02 0.000000000000000000e+00
-5.640000000000000000e+02 0.000000000000000000e+00
-5.620000000000000000e+02 0.000000000000000000e+00
-5.600000000000000000e+02 0.000000000000000000e+00
-5.580000000000000000e+02 0.000000000000000000e+00
-5.560000000000000000e+02 0.000000000000000000e+00
-5.540000000000000000e+02 0.000000000000000000e+00
-5.520000000000000000e+02 0.000000000000000000e+00
-5.500000000000000000e+02 0.000000000000000000e+00
-5.480000000000000000e+02 0.000000000000000000e+00
-5.460000000000000000e+02 0.000000000000000000e+00
-5.440000000000000000e+02 0.000000000000000000e+00
-5.420000000000000000e+02 0.000000000000000000e+00
-5.400000000000000000e+02 0.000000000000000000e+00
-5.380000000000000000e+02 0.000000000000000000e+00
-5.360000000000000000e+02 0.000000000000000000e+00
-5.340000000000000000e+02 0.000000000000000000e+00
-5.320000000000000000e+02 0.000000000000000000e+00
-5.300000000000000000e+02 0.000000000000000000e+00
-5.280000000000000000e+02 0.000000000000000000e+00
-5.260000000000000000e+02 0.000000000000000000e+00
-5.240000000000000000e+02 0.000000000000000000e+00
-5.220000000000000000e+02 0.000000000000000000e+00
-5.200000000000000000e+02 0.000000000000000000e+00
-5.180000000000000000e+02 0.000000000000000000e+00
-5.160000000000000000e+02 0.000000000000000000e+00
-5.140000000000000000e+02 0.000000000000000000e+00
-5.120000000000000000e+02 0.000000000000000000e+00
-5.100000000000000000e+02 0.000000000000000000e+00
-5.080000000000000000e+02 0.000000000000000000e+00
-5.060000000000000000e+02 0.000000000000000000e+00
-5.040000000000000000e+02 0.000000000000000000e+00
-5.020000000000000000e+02 0.000000000000000000e+00
-5.000000000000000000e+02 0.000000000000000000e+00
-4.980000000000000000e+02 0.000000000000000000e+00
-4.960000000000000000e+02 0.000000000000000000e+00
-4.940000000000000000e+02 0.000000000000000000e+00
-4.920000000000000000e+02 0.000000000000000000e+00
-4.900000000000000000e+02 0.000000000000000000e+00
-4.880000000000000000e+02 1.573773923465019564e+01
-4.860000000000000000e+02 5.673766190930238196e+01
-4.840000000000000000e+02 7.466276346996585289e+01
-4.820000000000000000e+02 7.623050824059629349e+01
-4.800000000000000000e+02 6.877620195501533829e+01
-4.780000000000000000e+02 6.111552945253965419e+01
-4.760000000000000000e+02 5.513384451643160844e+01
-4.740000000000000000e+02 5.044795671758929956e+01
-4.720000000000000000e+02 4.691070674911793503e+01
-4.700000000000000000e+02 4.399980336445346296e+01
-4.680000000000000000e+02 4.151754180304325104e+01
-4.660000000000000000e+02 3.945871323125613372e+01
-4.640000000000000000e+02 3.771580759920311721e+01
-4.620000000000000000e+02 3.619373615969194447e+01
-4.600000000000000000e+02 3.480236848481569467e+01
-4.580000000000000000e+02 3.373944075957742683e+01
-4.560000000000000000e+02 3.255792360766513838e+01
-4.540000000000000000e+02 3.155338995847961669e+01
-4.520000000000000000e+02 3.069222363091576611e+01
-4.500000000000000000e+02 2.989434172402296142e+01
-4.480000000000000000e+02 2.923348616524710764e+01
-4.460000000000000000e+02 2.846861633158923155e+01
-4.440000000000000000e+02 2.786695307137102873e+01
-4.420000000000000000e+02 2.720730521189052453e+01
-4.400000000000000000e+02 2.681319145498729029e+01
-4.380000000000000000e+02 2.625066886295616442e+01
-4.360000000000000000e+02 2.562433864083634205e+01
-4.340000000000000000e+02 2.543964498670048258e+01
-4.320000000000000000e+02 2.483096334098761560e+01
-4.300000000000000000e+02 2.443471934919864097e+01
-4.280000000000000000e+02 2.409381038193276936e+01
-4.260000000000000000e+02 2.372552504513017979e+01
-4.240000000000000000e+02 2.344775684559227003e+01
-4.220000000000000000e+02 2.303443982033071080e+01
-4.200000000000000000e+02 2.273898669326911559e+01
-4.180000000000000000e+02 2.253330163571368772e+01
-4.160000000000000000e+02 2.220906653181307533e+01
-4.140000000000000000e+02 2.198647737828920512e+01
-4.120000000000000000e+02 2.170962573047469490e+01
-4.100000000000000000e+02 2.143392728370183065e+01
-4.080000000000000000e+02 2.115455151928123456e+01
-4.060000000000000000e+02 2.103732152359483720e+01
-4.040000000000000000e+02 2.075191996627027535e+01
-4.020000000000000000e+02 2.060850168685260186e+01
-4.000000000000000000e+02 2.045721267931230969e+01
-3.980000000000000000e+02 2.015877378291731148e+01
-3.960000000000000000e+02 1.999902996516751941e+01
-3.940000000000000000e+02 1.985396673069686457e+01
-3.920000000000000000e+02 1.967612948766932135e+01
-3.900000000000000000e+02 1.949016316767047741e+01
-3.880000000000000000e+02 1.932591754185736121e+01
-3.860000000000000000e+02 1.917632043859810409e+01
-3.840000000000000000e+02 1.913595697154699593e+01
-3.820000000000000000e+02 1.885212878813920412e+01
-3.800000000000000000e+02 1.886412445128247839e+01
-3.780000000000000000e+02 1.829439926928644766e+01
-3.760000000000000000e+02 1.880423667324241421e+01
-3.740000000000000000e+02 1.840010415481000194e+01
-3.720000000000000000e+02 1.826402297310363920e+01
-3.700000000000000000e+02 1.815640192329359337e+01
-3.680000000000000000e+02 1.800955796860240810e+01
-3.660000000000000000e+02 1.790944007045012754e+01
-3.640000000000000000e+02 1.781700288340144311e+01
-3.620000000000000000e+02 1.783427103088538246e+01
-3.600000000000000000e+02 1.754800005943691588e+01
-3.580000000000000000e+02 1.757014249070749656e+01
-3.560000000000000000e+02 1.738330176464815935e+01
-3.540000000000000000e+02 1.740342933709383288e+01
-3.520000000000000000e+02 1.721646521783590700e+01
-3.500000000000000000e+02 1.718353362433663278e+01
-3.480000000000000000e+02 1.705459293248161501e+01
-3.460000000000000000e+02 1.686907936872891511e+01
-3.440000000000000000e+02 1.706411189795831262e+01
-3.420000000000000000e+02 1.674543116697396883e+01
-3.400000000000000000e+02 1.679963179622959402e+01
-3.380000000000000000e+02 1.664888999563071792e+01
-3.360000000000000000e+02 1.659423757481352979e+01
-3.340000000000000000e+02 1.659206378226411616e+01
-3.320000000000000000e+02 1.649459264290358718e+01
-3.300000000000000000e+02 1.636270304544359888e+01
-3.280000000000000000e+02 1.644525263762740508e+01
-3.260000000000000000e+02 1.624534500073393062e+01
-3.240000000000000000e+02 1.624094338500609069e+01
-3.220000000000000000e+02 1.622830716642106808e+01
-3.200000000000000000e+02 1.614709267999038289e+01
-3.180000000000000000e+02 1.598432998825581031e+01
-3.160000000000000000e+02 1.595981340542782867e+01
-3.140000000000000000e+02 1.608415202908179609e+01
-3.120000000000000000e+02 1.582238507831307750e+01
-3.100000000000000000e+02 1.586961434930946524e+01
-3.080000000000000000e+02 1.584240701626095316e+01
-3.060000000000000000e+02 1.580200440945304230e+01
-3.040000000000000000e+02 1.562749004835617406e+01
-3.020000000000000000e+02 1.560937582516270261e+01
-3.000000000000000000e+02 1.579854119419962188e+01
-2.980000000000000000e+02 1.552377686738649132e+01
-2.960000000000000000e+02 1.553575979802685936e+01
-2.940000000000000000e+02 1.560133984532885520e+01
-2.920000000000000000e+02 1.553792143438395001e+01
-2.900000000000000000e+02 1.529739858060859170e+01
-2.880000000000000000e+02 1.547496830900149867e+01
-2.860000000000000000e+02 1.536674657251577258e+01
-2.840000000000000000e+02 1.521251169651872992e+01
-2.820000000000000000e+02 1.537041431549446457e+01
-2.800000000000000000e+02 1.529564340489632457e+01
-2.780000000000000000e+02 1.531240530501471930e+01
-2.760000000000000000e+02 1.512317748894346714e+01
-2.740000000000000000e+02 1.522711443104471485e+01
-2.720000000000000000e+02 1.508119409007376888e+01
-2.700000000000000000e+02 1.523949329929713059e+01
-2.680000000000000000e+02 1.497417505386596837e+01
-2.660000000000000000e+02 1.525359481282389140e+01
-2.640000000000000000e+02 1.502217818935443461e+01
-2.620000000000000000e+02 1.487259535540391298e+01
-2.600000000000000000e+02 1.509555170257138279e+01
-2.580000000000000000e+02 1.505823919267782074e+01
-2.560000000000000000e+02 1.498534277397997272e+01
-2.540000000000000000e+02 1.494958214363439808e+01
-2.520000000000000000e+02 1.498265416415928541e+01
-2.500000000000000000e+02 1.485804675388052054e+01
-2.480000000000000000e+02 1.464681591348958989e+01
-2.460000000000000000e+02 1.506799263018818280e+01
-2.440000000000000000e+02 1.537603702132093808e+01
-2.420000000000000000e+02 1.439853482496181947e+01
-2.400000000000000000e+02 1.483469806970141569e+01
-2.380000000000000000e+02 1.483356144829350853e+01
-2.360000000000000000e+02 1.482224017915748782e+01
-2.340000000000000000e+02 1.476389595543504818e+01
-2.320000000000000000e+02 1.480778888151388450e+01
-2.300000000000000000e+02 1.472611013684643133e+01
-2.280000000000000000e+02 1.483423178384712671e+01
-2.260000000000000000e+02 1.476262091290729117e+01
-2.240000000000000000e+02 1.477349377624057780e+01
-2.220000000000000000e+02 1.470314073762211748e+01
-2.200000000000000000e+02 1.480435426591958326e+01
-2.180000000000000000e+02 1.471921708175749721e+01
-2.160000000000000000e+02 1.471577594505775899e+01
-2.140000000000000000e+02 1.474537166553078293e+01
-2.120000000000000000e+02 1.479073596373232036e+01
-2.100000000000000000e+02 1.468540330463629395e+01
-2.080000000000000000e+02 1.469923593937593509e+01
-2.060000000000000000e+02 1.473320624620064301e+01
-2.040000000000000000e+02 1.477493654319629357e+01
-2.020000000000000000e+02 1.473733832645048558e+01
-2.000000000000000000e+02 1.462596256589152333e+01
-1.980000000000000000e+02 1.471394600796015872e+01
-1.960000000000000000e+02 1.473436832194415658e+01
-1.940000000000000000e+02 1.473986971814400881e+01
-1.920000000000000000e+02 1.473591656251576332e+01
-1.900000000000000000e+02 1.485664593828348501e+01
-1.880000000000000000e+02 1.459002567692084718e+01
-1.860000000000000000e+02 1.477938931117433796e+01
-1.840000000000000000e+02 1.472962182443193413e+01
-1.820000000000000000e+02 1.482277866295092217e+01
-1.800000000000000000e+02 1.472869958883260644e+01
-1.780000000000000000e+02 1.485915937575284396e+01
-1.760000000000000000e+02 1.473426927613899551e+01
-1.740000000000000000e+02 1.475839372232917412e+01
-1.720000000000000000e+02 1.487615466519558183e+01
-1.700000000000000000e+02 1.474684644934319167e+01
-1.680000000000000000e+02 1.489436935856286759e+01
-1.660000000000000000e+02 1.478969588797484924e+01
-1.640000000000000000e+02 1.490990284812281175e+01
-1.620000000000000000e+02 1.491236881698347005e+01
-1.600000000000000000e+02 1.479871972036148442e+01
-1.580000000000000000e+02 1.490815498578374765e+01
-1.560000000000000000e+02 1.496931499577639002e+01
-1.540000000000000000e+02 1.494772344360368876e+01
-1.520000000000000000e+02 1.496809011126337907e+01
-1.500000000000000000e+02 1.495750923956624767e+01
-1.480000000000000000e+02 1.498935116757120767e+01
-1.460000000000000000e+02 1.484675977277397863e+01
-1.440000000000000000e+02 1.522201821744005557e+01
-1.420000000000000000e+02 1.497097397694450116e+01
-1.400000000000000000e+02 1.512512468580544045e+01
-1.380000000000000000e+02 1.511640323972130950e+01
-1.360000000000000000e+02 1.515654918663321205e+01
-1.340000000000000000e+02 1.510523783505979445e+01
-1.320000000000000000e+02 1.516166282096736495e+01
-1.300000000000000000e+02 1.504756721459699342e+01
-1.280000000000000000e+02 1.579266261696107421e+01
-1.260000000000000000e+02 1.487470167710739410e+01
-1.240000000000000000e+02 1.529025746483028669e+01
-1.220000000000000000e+02 1.528248248729820169e+01
-1.200000000000000000e+02 1.542314525676133563e+01
-1.180000000000000000e+02 1.533624597727760808e+01
-1.160000000000000000e+02 1.539534962786853889e+01
-1.140000000000000000e+02 1.551395330219524027e+01
-1.120000000000000000e+02 1.540868014939534270e+01
-1.100000000000000000e+02 1.555574942196178689e+01
-1.080000000000000000e+02 1.557265796655538814e+01
-1.060000000000000000e+02 1.550518030628076893e+01
-1.040000000000000000e+02 1.576714517821429595e+01
-1.020000000000000000e+02 1.566771827764519642e+01
-1.000000000000000000e+02 1.568253336677564391e+01
-9.800000000000000000e+01 1.576356759159472176e+01
-9.600000000000000000e+01 1.574513290154422407e+01
-9.400000000000000000e+01 1.586166012990194574e+01
-9.200000000000000000e+01 1.588534156340190684e+01
-9.000000000000000000e+01 1.598004447261352468e+01
-8.800000000000000000e+01 1.599415668297397097e+01
-8.600000000000000000e+01 1.596318248580024246e+01
-8.400000000000000000e+01 1.611161473043048886e+01
-8.200000000000000000e+01 1.612763225141941703e+01
-8.000000000000000000e+01 1.620087058791218482e+01
-7.800000000000000000e+01 1.622298954345670907e+01
-7.600000000000000000e+01 1.627226114732181017e+01
-7.400000000000000000e+01 1.637891642843350937e+01
-7.200000000000000000e+01 1.646538566147636473e+01
-7.000000000000000000e+01 1.637049050013693119e+01
-6.800000000000000000e+01 1.655622092669485923e+01
-6.600000000000000000e+01 1.657621463785707405e+01
-6.400000000000000000e+01 1.668139588647377636e+01
-6.200000000000000000e+01 1.673256954243594308e+01
-6.000000000000000000e+01 1.678126959614131763e+01
-5.800000000000000000e+01 1.680253301206340311e+01
-5.600000000000000000e+01 1.691252359570324515e+01
-5.400000000000000000e+01 1.705466232118825332e+01
-5.200000000000000000e+01 1.696544497446919664e+01
-5.000000000000000000e+01 1.715596434223170874e+01
-4.800000000000000000e+01 1.721991891924400875e+01
-4.600000000000000000e+01 1.726274986831314706e+01
-4.400000000000000000e+01 1.741826736682285670e+01
-4.200000000000000000e+01 1.734358716030267544e+01
-4.000000000000000000e+01 1.766107762261223968e+01
-3.800000000000000000e+01 1.763802832099996465e+01
-3.600000000000000000e+01 1.768530103505809592e+01
-3.400000000000000000e+01 1.780712505361296749e+01
-3.200000000000000000e+01 1.790277210880871195e+01
-3.000000000000000000e+01 1.800524205995143134e+01
-2.800000000000000000e+01 1.805717770358226559e+01
-2.600000000000000000e+01 1.822989531391498019e+01
-2.400000000000000000e+01 1.827725035604283477e+01
-2.200000000000000000e+01 1.842230690952573013e+01
-2.000000000000000000e+01 1.848406966055420497e+01
-1.800000000000000000e+01 1.864259472945019880e+01
-1.600000000000000000e+01 1.874820872221619439e+01
-1.400000000000000000e+01 1.884474608070750890e+01
-1.200000000000000000e+01 1.899634020254935862e+01
-1.000000000000000000e+01 1.906139792213725670e+01
-8.000000000000000000e+00 1.920974130713198491e+01
-6.000000000000000000e+00 1.942796055860694793e+01
-4.000000000000000000e+00 1.928970345051039814e+01
-2.000000000000000000e+00 1.975750028721890672e+01
0.000000000000000000e+00 1.990891490769057626e+01
2.000000000000000000e+00 1.975838109037850998e+01
4.000000000000000000e+00 2.015305487422042674e+01
6.000000000000000000e+00 2.033932201148174812e+01
8.000000000000000000e+00 2.033298095235663538e+01
1.000000000000000000e+01 2.062492859454696514e+01
1.200000000000000000e+01 2.085853827327827403e+01
1.400000000000000000e+01 2.104060739257168322e+01
1.600000000000000000e+01 2.118181436146739216e+01
1.800000000000000000e+01 2.128577579851693002e+01
2.000000000000000000e+01 2.159548927123874407e+01
2.200000000000000000e+01 2.181669468473976892e+01
2.400000000000000000e+01 2.191870717336560759e+01
2.600000000000000000e+01 2.223797975917149472e+01
2.800000000000000000e+01 2.239561830317464697e+01
3.000000000000000000e+01 2.263992775111400135e+01
3.200000000000000000e+01 2.293317791419528717e+01
3.400000000000000000e+01 2.316648609916198609e+01
3.600000000000000000e+01 2.337323091446123158e+01
3.800000000000000000e+01 2.375436191397266228e+01
4.000000000000000000e+01 2.396839261535018650e+01
4.200000000000000000e+01 2.423080599489486886e+01
4.400000000000000000e+01 2.452830886425582335e+01
4.600000000000000000e+01 2.484217613355225751e+01
4.800000000000000000e+01 2.516444316650513713e+01
5.000000000000000000e+01 2.544740762741467677e+01
5.200000000000000000e+01 2.587358210052856577e+01
5.400000000000000000e+01 2.616451854302772162e+01
5.600000000000000000e+01 2.656384722613656635e+01
5.800000000000000000e+01 2.688142594272827779e+01
6.000000000000000000e+01 2.738521973919840491e+01
6.200000000000000000e+01 2.782683456626111607e+01
6.400000000000000000e+01 2.808741099826987053e+01
6.600000000000000000e+01 2.872693679048163062e+01
6.800000000000000000e+01 2.916704495627092797e+01
7.000000000000000000e+01 2.974344605943296926e+01
7.200000000000000000e+01 3.013702407656166216e+01
7.400000000000000000e+01 3.074011269374203437e+01
7.600000000000000000e+01 3.133407550817485188e+01
7.800000000000000000e+01 3.186298247397263239e+01
8.000000000000000000e+01 3.257532286357496076e+01
8.200000000000000000e+01 3.337276495494780448e+01
8.400000000000000000e+01 3.396881256109170977e+01
8.600000000000000000e+01 3.475392050167893387e+01
8.800000000000000000e+01 3.564626172723252751e+01
9.000000000000000000e+01 3.644995051804541220e+01
9.200000000000000000e+01 3.737890554607155735e+01
9.400000000000000000e+01 3.852033791106605776e+01
9.600000000000000000e+01 3.941176788193777725e+01
9.800000000000000000e+01 4.073179135451953670e+01
1.000000000000000000e+02 4.189907932786432099e+01
1.020000000000000000e+02 4.323849000486152505e+01
1.040000000000000000e+02 4.476635594035904120e+01
1.060000000000000000e+02 4.629332016134253536e+01
1.080000000000000000e+02 4.828262980960243311e+01
1.100000000000000000e+02 5.002110748485035430e+01
1.120000000000000000e+02 5.236307109347753652e+01
1.140000000000000000e+02 5.456808557470142773e+01
1.160000000000000000e+02 5.747101492964102931e+01
1.180000000000000000e+02 6.046033621635574917e+01
1.200000000000000000e+02 6.406918142745500688e+01
1.220000000000000000e+02 6.819600579221418002e+01
1.240000000000000000e+02 7.310616020800881643e+01
1.260000000000000000e+02 7.899780361173051801e+01
1.280000000000000000e+02 8.600639212191673266e+01
1.300000000000000000e+02 9.493953886753917004e+01
1.320000000000000000e+02 1.067983411816925923e+02
1.340000000000000000e+02 1.229150665149626747e+02
1.360000000000000000e+02 1.468152854135904590e+02
1.380000000000000000e+02 1.868118744178249813e+02
1.400000000000000000e+02 2.757224642817500353e+02
1.420000000000000000e+02 6.620644142616746421e+02
1.440000000000000000e+02 9.074834609461885293e+02
1.460000000000000000e+02 0.000000000000000000e+00
1.480000000000000000e+02 0.000000000000000000e+00
1.500000000000000000e+02 0.000000000000000000e+00
1.520000000000000000e+02 0.000000000000000000e+00
1.540000000000000000e+02 0.000000000000000000e+00
1.560000000000000000e+02 0.000000000000000000e+00
1.580000000000000000e+02 0.000000000000000000e+00
1.600000000000000000e+02 0.000000000000000000e+00
1.620000000000000000e+02 0.000000000000000000e+00
1.640000000000000000e+02 0.000000000000000000e+00
1.660000000000000000e+02 0.000000000000000000e+00
1.680000000000000000e+02 0.000000000000000000e+00
1.700000000000000000e+02 0.000000000000000000e+00
1.720000000000000000e+02 0.000000000000000000e+00
1.740000000000000000e+02 0.000000000000000000e+00
1.760000000000000000e+02 0.000000000000000000e+00
1.780000000000000000e+02 0.000000000000000000e+00
1.800000000000000000e+02 0.000000000000000000e+00
1.820000000000000000e+02 0.000000000000000000e+00
1.840000000000000000e+02 0.000000000000000000e+00
1.860000000000000000e+02 0.000000000000000000e+00
1.880000000000000000e+02 0.000000000000000000e+00
1.900000000000000000e+02 0.000000000000000000e+00
1.920000000000000000e+02 0.000000000000000000e+00
1.940000000000000000e+02 0.000000000000000000e+00
1.960000000000000000e+02 0.000000000000000000e+00
1.980000000000000000e+02 0.000000000000000000e+00
2.000000000000000000e+02 0.000000000000000000e+00
2.020000000000000000e+02 0.000000000000000000e+00
2.040000000000000000e+02 0.000000000000000000e+00
2.060000000000000000e+02 0.000000000000000000e+00
2.080000000000000000e+02 0.000000000000000000e+00
2.100000000000000000e+02 0.000000000000000000e+00
2.120000000000000000e+02 0.000000000000000000e+00
2.140000000000000000e+02 0.000000000000000000e+00
2.160000000000000000e+02 0.000000000000000000e+00
2.180000000000000000e+02 0.000000000000000000e+00
2.200000000000000000e+02 0.000000000000000000e+00
2.220000000000000000e+02 0.000000000000000000e+00
2.240000000000000000e+02 0.000000000000000000e+00
2.260000000000000000e+02 0.000000000000000000e+00
2.280000000000000000e+02 0.000000000000000000e+00
2.300000000000000000e+02 0.000000000000000000e+00
2.320000000000000000e+02 0.000000000000000000e+00
2.340000000000000000e+02 0.000000000000000000e+00
2.360000000000000000e+02 0.000000000000000000e+00
2.380000000000000000e+02 0.000000000000000000e+00
2.400000000000000000e+02 0.000000000000000000e+00
2.420000000000000000e+02 0.000000000000000000e+00
2.440000000000000000e+02 0.000000000000000000e+00
2.460000000000000000e+02 0.000000000000000000e+00
2.480000000000000000e+02 0.000000000000000000e+00
2.500000000000000000e+02 0.000000000000000000e+00
2.520000000000000000e+02 0.000000000000000000e+00
2.540000000000000000e+02 0.000000000000000000e+00
2.560000000000000000e+02 0.000000000000000000e+00
2.580000000000000000e+02 0.000000000000000000e+00
2.600000000000000000e+02 0.000000000000000000e+00
2.620000000000000000e+02 0.000000000000000000e+00
2.640000000000000000e+02 0.000000000000000000e+00
2.660000000000000000e+02 0.000000000000000000e+00
2.680000000000000000e+02 0.000000000000000000e+00
2.700000000000000000e+02 0.000000000000000000e+00
2.720000000000000000e+02 0.000000000000000000e+00
2.740000000000000000e+02 0.000000000000000000e+00
2.760000000000000000e+02 0.000000000000000000e+00
2.780000000000000000e+02 0.000000000000000000e+00
2.800000000000000000e+02 0.000000000000000000e+00
2.820000000000000000e+02 0.000000000000000000e+00
2.840000000000000000e+02 0.000000000000000000e+00
2.860000000000000000e+02 0.000000000000000000e+00
2.880000000000000000e+02 0.000000000000000000e+00
2.900000000000000000e+02 0.000000000000000000e+00
2.920000000000000000e+02 0.000000000000000000e+00
2.940000000000000000e+02 0.000000000000000000e+00
2.960000000000000000e+02 0.000000000000000000e+00
2.980000000000000000e+02 0.000000000000000000e+00
3.000000000000000000e+02 0.000000000000000000e+00
3.020000000000000000e+02 0.000000000000000000e+00
3.040000000000000000e+02 0.000000000000000000e+00
3.060000000000000000e+02 0.000000000000000000e+00
3.080000000000000000e+02 0.000000000000000000e+00
3.100000000000000000e+02 0.000000000000000000e+00
3.120000000000000000e+02 0.000000000000000000e+00
3.140000000000000000e+02 0.000000000000000000e+00
3.160000000000000000e+02 0.000000000000000000e+00
3.180000000000000000e+02 0.000000000000000000e+00
3.200000000000000000e+02 0.000000000000000000e+00
3.220000000000000000e+02 0.000000000000000000e+00
3.240000000000000000e+02 0.000000000000000000e+00
3.260000000000000000e+02 0.000000000000000000e+00
3.280000000000000000e+02 0.000000000000000000e+00
3.300000000000000000e+02 0.000000000000000000e+00
3.320000000000000000e+02 0.000000000000000000e+00
3.340000000000000000e+02 0.000000000000000000e+00
3.360000000000000000e+02 0.000000000000000000e+00
3.380000000000000000e+02 0.000000000000000000e+00
3.400000000000000000e+02 0.000000000000000000e+00
3.420000000000000000e+02 0.000000000000000000e+00
3.440000000000000000e+02 0.000000000000000000e+00
3.460000000000000000e+02 0.000000000000000000e+00
3.480000000000000000e+02 0.000000000000000000e+00
3.500000000000000000e+02 0.000000000000000000e+00
3.520000000000000000e+02 0.000000000000000000e+00
3.540000000000000000e+02 0.000000000000000000e+00
3.560000000000000000e+02 0.000000000000000000e+00
3.580000000000000000e+02 0.000000000000000000e+00
3.600000000000000000e+02 0.000000000000000000e+00
3.620000000000000000e+02 0.000000000000000000e+00
3.640000000000000000e+02 0.000000000000000000e+00
3.660000000000000000e+02 0.000000000000000000e+00
3.680000000000000000e+02 0.000000000000000000e+00
3.700000000000000000e+02 0.000000000000000000e+00
3.720000000000000000e+02 0.000000000000000000e+00
3.740000000000000000e+02 0.000000000000000000e+00
3.760000000000000000e+02 0.000000000000000000e+00
3.780000000000000000e+02 0.000000000000000000e+00
3.800000000000000000e+02 0.000000000000000000e+00
3.820000000000000000e+02 0.000000000000000000e+00
3.840000000000000000e+02 0.000000000000000000e+00
3.860000000000000000e+02 0.000000000000000000e+00
3.880000000000000000e+02 0.000000000000000000e+00
3.900000000000000000e+02 0.000000000000000000e+00
3.920000000000000000e+02 0.000000000000000000e+00
3.940000000000000000e+02 0.000000000000000000e+00
3.960000000000000000e+02 0.000000000000000000e+00
3.980000000000000000e+02 0.000000000000000000e+00
4.000000000000000000e+02 0.000000000000000000e+00
4.020000000000000000e+02 0.000000000000000000e+00
4.040000000000000000e+02 0.000000000000000000e+00
4.060000000000000000e+02 0.000000000000000000e+00
4.080000000000000000e+02 0.000000000000000000e+00
4.100000000000000000e+02 0.000000000000000000e+00
4.120000000000000000e+02 0.000000000000000000e+00
4.140000000000000000e+02 0.000000000000000000e+00
4.160000000000000000e+02 0.000000000000000000e+00
4.180000000000000000e+02 0.000000000000000000e+00
4.200000000000000000e+02 0.000000000000000000e+00
4.220000000000000000e+02 0.000000000000000000e+00
4.240000000000000000e+02 0.000000000000000000e+00
4.260000000000000000e+02 0.000000000000000000e+00
4.280000000000000000e+02 0.000000000000000000e+00
4.300000000000000000e+02 0.000000000000000000e+00
4.320000000000000000e+02 0.000000000000000000e+00
4.340000000000000000e+02 0.000000000000000000e+00
4.360000000000000000e+02 0.000000000000000000e+00
4.380000000000000000e+02 0.000000000000000000e+00
4.400000000000000000e+02 0.000000000000000000e+00
4.420000000000000000e+02 0.000000000000000000e+00
4.440000000000000000e+02 0.000000000000000000e+00
4.460000000000000000e+02 0.000000000000000000e+00
4.480000000000000000e+02 0.000000000000000000e+00
4.500000000000000000e+02 0.000000000000000000e+00
4.520000000000000000e+02 0.000000000000000000e+00
4.540000000000000000e+02 0.000000000000000000e+00
4.560000000000000000e+02 0.000000000000000000e+00
4.580000000000000000e+02 0.000000000000000000e+00
4.600000000000000000e+02 0.000000000000000000e+00
4.620000000000000000e+02 0.000000000000000000e+00
4.640000000000000000e+02 0.000000000000000000e+00
4.660000000000000000e+02 0.000000000000000000e+00
4.680000000000000000e+02 0.000000000000000000e+00
4.700000000000000000e+02 0.000000000000000000e+00
4.720000000000000000e+02 0.000000000000000000e+00
4.740000000000000000e+02 0.000000000000000000e+00
4.760000000000000000e+02 0.000000000000000000e+00
4.780000000000000000e+02 0.000000000000000000e+00
4.800000000000000000e+02 0.000000000000000000e+00
4.820000000000000000e+02 0.000000000000000000e+00
4.840000000000000000e+02 0.000000000000000000e+00
4.860000000000000000e+02 0.000000000000000000e+00
4.880000000000000000e+02 0.000000000000000000e+00
4.900000000000000000e+02 0.000000000000000000e+00
4.920000000000000000e+02 0.000000000000000000e+00
4.940000000000000000e+02 0.000000000000000000e+00
4.960000000000000000e+02 0.000000000000000000e+00
4.980000000000000000e+02 0.000000000000000000e+00
5.000000000000000000e+02 0.000000000000000000e+00
5.020000000000000000e+02 0.000000000000000000e+00
5.040000000000000000e+02 0.000000000000000000e+00
5.060000000000000000e+02 0.000000000000000000e+00
5.080000000000000000e+02 0.000000000000000000e+00
5.100000000000000000e+02 0.000000000000000000e+00
5.120000000000000000e+02 0.000000000000000000e+00
5.140000000000000000e+02 0.000000000000000000e+00
5.160000000000000000e+02 0.000000000000000000e+00
5.180000000000000000e+02 0.000000000000000000e+00
5.200000000000000000e+02 0.000000000000000000e+00
5.220000000000000000e+02 0.000000000000000000e+00
5.240000000000000000e+02 0.000000000000000000e+00
5.260000000000000000e+02 0.000000000000000000e+00
5.280000000000000000e+02 0.000000000000000000e+00
5.300000000000000000e+02 0.000000000000000000e+00
5.320000000000000000e+02 0.000000000000000000e+00
5.340000000000000000e+02 0.000000000000000000e+00
5.360000000000000000e+02 0.000000000000000000e+00
5.380000000000000000e+02 0.000000000000000000e+00
5.400000000000000000e+02 0.000000000000000000e+00
5.420000000000000000e+02 0.000000000000000000e+00
5.440000000000000000e+02 0.000000000000000000e+00
5.460000000000000000e+02 0.000000000000000000e+00
5.480000000000000000e+02 0.000000000000000000e+00
5.500000000000000000e+02 0.000000000000000000e+00
5.520000000000000000e+02 0.000000000000000000e+00
5.540000000000000000e+02 0.000000000000000000e+00
5.560000000000000000e+02 0.000000000000000000e+00
5.580000000000000000e+02 0.000000000000000000e+00
5.600000000000000000e+02 0.000000000000000000e+00
5.620000000000000000e+02 0.000000000000000000e+00
5.640000000000000000e+02 0.000000000000000000e+00
5.660000000000000000e+02 0.000000000000000000e+00
5.680000000000000000e+02 0.000000000000000000e+00
5.700000000000000000e+02 0.000000000000000000e+00
5.720000000000000000e+02 0.000000000000000000e+00
5.740000000000000000e+02 0.000000000000000000e+00
5.760000000000000000e+02 0.000000000000000000e+00
5.780000000000000000e+02 0.000000000000000000e+00
5.800000000000000000e+02 0.000000000000000000e+00
5.820000000000000000e+02 0.000000000000000000e+00
5.840000000000000000e+02 0.000000000000000000e+00
5.860000000000000000e+02 0.000000000000000000e+00
5.880000000000000000e+02 0.000000000000000000e+00
5.900000000000000000e+02 0.000000000000000000e+00
5.920000000000000000e+02 0.000000000000000000e+00
5.940000000000000000e+02 0.000000000000000000e+00
5.960000000000000000e+02 0.000000000000000000e+00
5.980000000000000000e+02 0.000000000000000000e+00
6.000000000000000000e+02 0.000000000000000000e+00
6.020000000000000000e+02 0.000000000000000000e+00
6.040000000000000000e+02 0.000000000000000000e+00
6.060000000000000000e+02 0.000000000000000000e+00
6.080000000000000000e+02 0.000000000000000000e+00
6.100000000000000000e+02 0.000000000000000000e+00
6.120000000000000000e+02 0.000000000000000000e+00
6.140000000000000000e+02 0.000000000000000000e+00
6.160000000000000000e+02 0.000000000000000000e+00
6.180000000000000000e+02 0.000000000000000000e+00
6.200000000000000000e+02 0.000000000000000000e+00
6.220000000000000000e+02 0.000000000000000000e+00
6.240000000000000000e+02 0.000000000000000000e+00
6.260000000000000000e+02 0.000000000000000000e+00
6.280000000000000000e+02 0.000000000000000000e+00
6.300000000000000000e+02 0.000000000000000000e+00
6.320000000000000000e+02 0.000000000000000000e+00
6.340000000000000000e+02 0.000000000000000000e+00
6.360000000000000000e+02 0.000000000000000000e+00
6.380000000000000000e+02 0.000000000000000000e+00
6.400000000000000000e+02 0.000000000000000000e+00
6.420000000000000000e+02 0.000000000000000000e+00
6.440000000000000000e+02 0.000000000000000000e+00
6.460000000000000000e+02 0.000000000000000000e+00
6.480000000000000000e+02 0.000000000000000000e+00
6.500000000000000000e+02 0.000000000000000000e+00
6.520000000000000000e+02 0.000000000000000000e+00
6.540000000000000000e+02 0.000000000000000000e+00
6.560000000000000000e+02 0.000000000000000000e+00
6.580000000000000000e+02 0.000000000000000000e+00
6.600000000000000000e+02 0.000000000000000000e+00
6.620000000000000000e+02 0.000000000000000000e+00
6.640000000000000000e+02 0.000000000000000000e+00
6.660000000000000000e+02 0.000000000000000000e+00
6.680000000000000000e+02 0.000000000000000000e+00
6.700000000000000000e+02 0.000000000000000000e+00
6.720000000000000000e+02 0.000000000000000000e+00
6.740000000000000000e+02 0.000000000000000000e+00
6.760000000000000000e+02 0.000000000000000000e+00
6.780000000000000000e+02 0.000000000000000000e+00
6.800000000000000000e+02 0.000000000000000000e+00
6.820000000000000000e+02 0.000000000000000000e+00
6.840000000000000000e+02 0.000000000000000000e+00
6.860000000000000000e+02 0.000000000000000000e+00
6.880000000000000000e+02 0.000000000000000000e+00
6.900000000000000000e+02 0.000000000000000000e+00
6.920000000000000000e+02 0.000000000000000000e+00
6.940000000000000000e+02 0.000000000000000000e+00
6.960000000000000000e+02 0.000000000000000000e+00
6.980000000000000000e+02 0.000000000000000000e+00
7.000000000000000000e+02 0.000000000000000000e+00
7.020000000000000000e+02 0.000000000000000000e+00
7.040000000000000000e+02 0.000000000000000000e+00
7.060000000000000000e+02 0.000000000000000000e+00
7.080000000000000000e+02 0.000000000000000000e+00
7.100000000000000000e+02 0.000000000000000000e+00
7.120000000000000000e+02 0.000000000000000000e+00
7.140000000000000000e+02 0.000000000000000000e+00
7.160000000000000000e+02 0.000000000000000000e+00
7.180000000000000000e+02 0.000000000000000000e+00
7.200000000000000000e+02 0.000000000000000000e+00
7.220000000000000000e+02 0.000000000000000000e+00
7.240000000000000000e+02 0.000000000000000000e+00
7.260000000000000000e+02 0.000000000000000000e+00
7.280000000000000000e+02 0.000000000000000000e+00
7.300000000000000000e+02 0.000000000000000000e+00
7.320000000000000000e+02 0.000000000000000000e+00
7.340000000000000000e+02 0.000000000000000000e+00
7.360000000000000000e+02 0.000000000000000000e+00
7.380000000000000000e+02 0.000000000000000000e+00
7.400000000000000000e+02 0.000000000000000000e+00
7.420000000000000000e+02 0.000000000000000000e+00
7.440000000000000000e+02 0.000000000000000000e+00
7.460000000000000000e+02 0.000000000000000000e+00
7.480000000000000000e+02 0.000000000000000000e+00
7.500000000000000000e+02 0.000000000000000000e+00
7.520000000000000000e+02 0.000000000000000000e+00
7.540000000000000000e+02 0.000000000000000000e+00
7.560000000000000000e+02 0.000000000000000000e+00
7.580000000000000000e+02 0.000000000000000000e+00
7.600000000000000000e+02 0.000000000000000000e+00
7.620000000000000000e+02 0.000000000000000000e+00
7.640000000000000000e+02 0.000000000000000000e+00
7.660000000000000000e+02 0.000000000000000000e+00
7.680000000000000000e+02 0.000000000000000000e+00
7.700000000000000000e+02 0.000000000000000000e+00
7.720000000000000000e+02 0.000000000000000000e+00
7.740000000000000000e+02 0.000000000000000000e+00
7.760000000000000000e+02 0.000000000000000000e+00
7.780000000000000000e+02 0.000000000000000000e+00
7.800000000000000000e+02 0.000000000000000000e+00
7.820000000000000000e+02 0.000000000000000000e+00
7.840000000000000000e+02 0.000000000000000000e+00
7.860000000000000000e+02 0.000000000000000000e+00
7.880000000000000000e+02 0.000000000000000000e+00
7.900000000000000000e+02 0.000000000000000000e+00
7.920000000000000000e+02 0.000000000000000000e+00
7.940000000000000000e+02 0.000000000000000000e+00
7.960000000000000000e+02 0.000000000000000000e+00
7.980000000000000000e+02 0.000000000000000000e+00
