-8.000000000000000000e+02 0.000000000000000000e+00
-7.980000000000000000e+02 0.000000000000000000e+00
-7.960000000000000000e+02 0.000000000000000000e+00
-7.940000000000000000e+02 0.000000000000000000e+00
-7.920000000000000000e+02 0.000000000000000000e+00
-7.900000000000000000e+02 0.000000000000000000e+00
-7.880000000000000000e+02 0.000000000000000000e+00
-7.860000000000000000e+02 0.000000000000000000e+00
-7.840000000000000000e+02 0.000000000000000000e+00
-7.820000000000000000e+02 0.000000000000000000e+00
-7.800000000000000000e+02 0.000000000000000000e+00
-7.780000000000000000e+02 0.000000000000000000e+00
-7.760000000000000000e+02 0.000000000000000000e+00
-7.740000000000000000e+02 0.000000000000000000e+00
-7.720000000000000000e+02 0.000000000000000000e+00
-7.700000000000000000e+02 0.000000000000000000e+00
-7.680000000000000000e+02 0.000000000000000000e+00
-7.660000000000000000e+02 0.000000000000000000e+00
-7.640000000000000000e+02 0.000000000000000000e+00
-7.620000000000000000e+02 0.000000000000000000e+00
-7.600000000000000000e+02 0.000000000000000000e+00
-7.580000000000000000e+02 0.000000000000000000e+00
-7.560000000000000000e+02 0.000000000000000000e+00
-7.540000000000000000e+02 0.000000000000000000e+00
-7.520000000000000000e+02 0.000000000000000000e+00
-7.500000000000000000e+02 0.000000000000000000e+00
-7.480000000000000000e+02 0.000000000000000000e+00
-7.460000000000000000e+02 0.000000000000000000e+00
-7.440000000000000000e+02 0.000000000000000000e+00
-7.420000000000000000e+02 0.000000000000000000e+00
-7.400000000000000000e+02 0.000000000000000000e+00
-7.380000000000000000e+02 0.000000000000000000e+00
-7.360000000000000000e+02 0.000000000000000000e+00
-7.340000000000000000e+02 0.000000000000000000e+00
-7.320000000000000000e+02 0.000000000000000000e+00
-7.300000000000000000e+02 0.000000000000000000e+00
-7.280000000000000000e+02 0.000000000000000000e+00
-7.260000000000000000e+02 0.000000000000000000e+00
-7.240000000000000000e+02 0.000000000000000000e+00
-7.220000000000000000e+02 0.000000000000000000e+00
-7.200000000000000000e+02 0.000000000000000000e+00
-7.180000000000000000e+02 0.000000000000000000e+00
-7.160000000000000000e+02 0.000000000000000000e+00
-7.140000000000000000e+02 0.000000000000000000e+00
-7.120000000000000000e+02 0.000000000000000000e+00
-7.100000000000000000e+02 0.000000000000000000e+00
-7.080000000000000000e+02 0.000000000000000000e+00
-7.060000000000000000e+02 0.000000000000000000e+00
-7.040000000000000000e+02 0.000000000000000000e+00
-7.020000000000000000e+02 0.000000000000000000e+00
-7.000000000000000000e+02 0.000000000000000000e+00
-6.980000000000000000e+02 0.000000000000000000e+00
-6.960000000000000000e+02 0.000000000000000000e+00
-6.940000000000000000e+02 0.000000000000000000e+00
-6.920000000000000000e+02 0.000000000000000000e+00
-6.900000000000000000e+02 0.000000000000000000e+00
-6.880000000000000000e+02 0.000000000000000000e+00
-6.860000000000000000e+02 0.000000000000000000e+00
-6.840000000000000000e+02 0.000000000000000000e+00
-6.820000000000000000e+02 0.000000000000000000e+00
-6.800000000000000000e+02 0.000000000000000000e+00
-6.780000000000000000e+02 0.000000000000000000e+00
-6.760000000000000000e+02 0.000000000000000000e+00
-6.740000000000000000e+02 0.000000000000000000e+00
-6.720000000000000000e+02 0.000000000000000000e+00
-6.700000000000000000e+02 0.000000000000000000e+00
-6.680000000000000000e+02 0.000000000000000000e+00
-6.660000000000000000e+02 0.000000000000000000e+00
-6.640000000000000000e+02 0.000000000000000000e+00
-6.620000000000000000e+02 0.000000000000000000e+00
-6.600000000000000000e+02 0.000000000000000000e+00
-6.580000000000000000e+02 0.000000000000000000e+00
-6.560000000000000000e+02 0.000000000000000000e+00
-6.540000000000000000e+02 0.000000000000000000e+00
-6.520000000000000000e+02 0.000000000000000000e+00
-6.500000000000000000e+02 0.000000000000000000e+00
-6.480000000000000000e+02 0.000000000000000000e+00
-6.460000000000000000e+02 0.000000000000000000e+00
-6.440000000000000000e+02 0.000000000000000000e+00
-6.420000000000000000e+02 0.000000000000000000e+00
-6.400000000000000000e+02 0.000000000000000000e+00
-6.380000000000000000e+02 0.000000000000000000e+00
-6.360000000000000000e+02 0.000000000000000000e+00
-6.340000000000000000e+02 0.000000000000000000e+00
-6.320000000000000000e+02 0.000000000000000000e+00
-6.300000000000000000e+02 0.000000000000000000e+00
-6.280000000000000000e+02 0.000000000000000000e+00
-6.260000000000000000e+02 0.000000000000000000e+00
-6.240000000000000000e+02 0.000000000000000000e+00
-6.220000000000000000e+02 0.000000000000000000e+00
-6.200000000000000000e+02 0.000000000000000000e+00
-6.180000000000000000e+02 0.000000000000000000e+00
-6.160000000000000000e+02 0.000000000000000000e+00
-6.140000000000000000e+02 0.000000000000000000e+00
-6.120000000000000000e+02 0.000000000000000000e+00
-6.100000000000000000e+02 0.000000000000000000e+00
-6.080000000000000000e+02 0.000000000000000000e+00
-6.060000000000000000e+02 0.000000000000000000e+00
-6.040000000000000000e+02 0.000000000000000000e+00
-6.020000000000000000e+02 0.000000000000000000e+00
-6.000000000000000000e+02 0.000000000000000000e+00
-5.980000000000000000e+02 0.000000000000000000e+00
-5.960000000000000000e+02 0.000000000000000000e+00
-5.940000000000000000e+02 0.000000000000000000e+00
-5.920000000000000000e+02 0.000000000000000000e+00
-5.900000000000000000e+02 0.000000000000000000e+00
-5.880000000000000000e+02 0.000000000000000000e+00
-5.860000000000000000e+02 0.000000000000000000e+00
-5.840000000000000000e+02 0.000000000000000000e+00
-5.820000000000000000e+02 0.000000000000000000e+00
-5.800000000000000000e+02 0.000000000000000000e+00
-5.780000000000000000e+02 0.000000000000000000e+00
-5.760000000000000000e+02 0.000000000000000000e+00
-5.740000000000000000e+02 0.000000000000000000e+00
-5.720000000000000000e+02 0.000000000000000000e+00
-5.700000000000000000e+02 0.000000000000000000e+00
-5.680000000000000000e+02 0.000000000000000000e+00
-5.660000000000000000e+02 0.000000000000000000e+00
-5.640000000000000000e+02 0.000000000000000000e+00
-5.620000000000000000e+02 0.000000000000000000e+00
-5.600000000000000000e+02 0.000000000000000000e+00
-5.580000000000000000e+02 0.000000000000000000e+00
-5.560000000000000000e+02 0.000000000000000000e+00
-5.540000000000000000e+02 0.000000000000000000e+00
-5.520000000000000000e+02 0.000000000000000000e+00
-5.500000000000000000e+02 0.000000000000000000e+00
-5.480000000000000000e+02 0.000000000000000000e+00
-5.460000000000000000e+02 0.000000000000000000e+00
-5.440000000000000000e+02 0.000000000000000000e+00
-5.420000000000000000e+02 2.923643279298650532e-01
-5.400000000000000000e+02 1.445636472595583122e+01
-5.380000000000000000e+02 2.472495464622411632e+01
-5.360000000000000000e+02 3.174700567239273497e+01
-5.340000000000000000e+02 3.743282107046103135e+01
-5.320000000000000000e+02 4.195296075965012506e+01
-5.300000000000000000e+02 4.542044333383700661e+01
-5.280000000000000000e+02 4.761822241608983575e+01
-5.260000000000000000e+02 4.852311208252713470e+01
-5.240000000000000000e+02 4.813983627500311968e+01
-5.220000000000000000e+02 4.645588586592786839e+01
-5.200000000000000000e+02 4.440647200813309325e+01
-5.180000000000000000e+02 4.212493191891099542e+01
-5.160000000000000000e+02 4.021875028479227154e+01
-5.140000000000000000e+02 3.834396446775422618e+01
-5.120000000000000000e+02 3.665888481810731747e+01
-5.100000000000000000e+02 3.516273683468937605e+01
-5.080000000000000000e+02 3.390290890228040865e+01
-5.060000000000000000e+02 3.262173742589029501e+01
-5.040000000000000000e+02 3.165120904593614881e+01
-5.020000000000000000e+02 3.061740629699913896e+01
-5.000000000000000000e+02 2.984625517770710346e+01
-4.980000000000000000e+02 2.889149202337199895e+01
-4.960000000000000000e+02 2.825488240638098247e+01
-4.940000000000000000e+02 2.750936756748344436e+01
-4.920000000000000000e+02 2.689702047833012344e+01
-4.900000000000000000e+02 2.629569392855174570e+01
-4.880000000000000000e+02 2.579701529291926576e+01
-4.860000000000000000e+02 2.523641053454807093e+01
-4.840000000000000000e+02 2.481436577892107564e+01
-4.820000000000000000e+02 2.440260518526626399e+01
-4.800000000000000000e+02 2.382355469641054668e+01
-4.780000000000000000e+02 2.344050511646245383e+01
-4.760000000000000000e+02 2.315845224350600162e+01
-4.740000000000000000e+02 2.277878941880419106e+01
-4.720000000000000000e+02 2.249714727593430297e+01
-4.700000000000000000e+02 2.202211986398257437e+01
-4.680000000000000000e+02 2.186484223870937527e+01
-4.660000000000000000e+02 2.145728298068921092e+01
-4.640000000000000000e+02 2.132503106861194553e+01
-4.620000000000000000e+02 2.095860287647951026e+01
-4.600000000000000000e+02 2.078686964655220493e+01
-4.580000000000000000e+02 2.041490247143594772e+01
-4.560000000000000000e+02 2.036686664350797571e+01
-4.540000000000000000e+02 1.997402136910040227e+01
-4.520000000000000000e+02 1.976556998052578606e+01
-4.500000000000000000e+02 1.969780235809964353e+01
-4.480000000000000000e+02 1.935482712936226690e+01
-4.460000000000000000e+02 1.937006078927632657e+01
-4.440000000000000000e+02 1.890265466156265362e+01
-4.420000000000000000e+02 1.891974192132420285e+01
-4.400000000000000000e+02 1.883461163855124809e+01
-4.380000000000000000e+02 1.842855593448497231e+01
-4.360000000000000000e+02 1.837451872212210091e+01
-4.340000000000000000e+02 1.827854163902302176e+01
-4.320000000000000000e+02 1.814953325336709256e+01
-4.300000000000000000e+02 1.771112729498735661e+01
-4.280000000000000000e+02 1.794010853731001376e+01
-4.260000000000000000e+02 1.780112024536774840e+01
-4.240000000000000000e+02 1.754554963741125562e+01
-4.220000000000000000e+02 1.742609716090726124e+01
-4.200000000000000000e+02 1.725615202311242768e+01
-4.180000000000000000e+02 1.719693717708033276e+01
-4.160000000000000000e+02 1.711803811300400824e+01
-4.140000000000000000e+02 1.693481226626702352e+01
-4.120000000000000000e+02 1.690046065604968817e+01
-4.100000000000000000e+02 1.675034089414948113e+01
-4.080000000000000000e+02 1.668253585917189241e+01
-4.060000000000000000e+02 1.655175785104668762e+01
-4.040000000000000000e+02 1.642646241518805184e+01
-4.020000000000000000e+02 1.644943681398524404e+01
-4.000000000000000000e+02 1.631487297107806356e+01
-3.980000000000000000e+02 1.621083948232229233e+01
-3.960000000000000000e+02 1.610076410108319678e+01
-3.940000000000000000e+02 1.597929061210670199e+01
-3.920000000000000000e+02 1.597915588153705890e+01
-3.900000000000000000e+02 1.587464286898477717e+01
-3.880000000000000000e+02 1.576726766923804490e+01
-3.860000000000000000e+02 1.573653111372252589e+01
-3.840000000000000000e+02 1.563041515957471006e+01
-3.820000000000000000e+02 1.564728678127213435e+01
-3.800000000000000000e+02 1.549233198647066168e+01
-3.780000000000000000e+02 1.536784808749816023e+01
-3.760000000000000000e+02 1.548104851033040319e+01
-3.740000000000000000e+02 1.530197880033562718e+01
-3.720000000000000000e+02 1.526585023382721040e+01
-3.700000000000000000e+02 1.516940906742156159e+01
-3.680000000000000000e+02 1.515444828239236053e+01
-3.660000000000000000e+02 1.501328123599421005e+01
-3.640000000000000000e+02 1.503737302631950001e+01
-3.620000000000000000e+02 1.501899873156398968e+01
-3.600000000000000000e+02 1.507914677675983661e+01
-3.580000000000000000e+02 1.467024272347939728e+01
-3.560000000000000000e+02 1.480709350730332119e+01
-3.540000000000000000e+02 1.486319698172069614e+01
-3.520000000000000000e+02 1.473722977742314200e+01
-3.500000000000000000e+02 1.460110949478481857e+01
-3.480000000000000000e+02 1.463830845704703698e+01
-3.460000000000000000e+02 1.455997756024848044e+01
-3.440000000000000000e+02 1.454430681801012071e+01
-3.420000000000000000e+02 1.458172104250169809e+01
-3.400000000000000000e+02 1.448790952936436405e+01
-3.380000000000000000e+02 1.434248642183523259e+01
-3.360000000000000000e+02 1.439504507182582493e+01
-3.340000000000000000e+02 1.438580366866284521e+01
-3.320000000000000000e+02 1.435067671291101021e+01
-3.300000000000000000e+02 1.430767442181116778e+01
-3.280000000000000000e+02 1.418135208724304874e+01
-3.260000000000000000e+02 1.419310690710281442e+01
-3.240000000000000000e+02 1.416394551242405164e+01
-3.220000000000000000e+02 1.419496938989796320e+01
-3.200000000000000000e+02 1.413253984760216575e+01
-3.180000000000000000e+02 1.404938803762298782e+01
-3.160000000000000000e+02 1.398007173645964230e+01
-3.140000000000000000e+02 1.414222375873133863e+01
-3.120000000000000000e+02 1.403313426052889312e+01
-3.100000000000000000e+02 1.387295885281122665e+01
-3.080000000000000000e+02 1.382836563126712015e+01
-3.060000000000000000e+02 1.411414276951535740e+01
-3.040000000000000000e+02 1.390306820057903181e+01
-3.020000000000000000e+02 1.373573247942980302e+01
-3.000000000000000000e+02 1.395421112996991475e+01
-2.980000000000000000e+02 1.388534480773104285e+01
-2.960000000000000000e+02 1.358636133575354954e+01
-2.940000000000000000e+02 1.399541043699539067e+01
-2.920000000000000000e+02 1.362931919080692822e+01
-2.900000000000000000e+02 1.390313956937673723e+01
-2.880000000000000000e+02 1.353457806026415788e+01
-2.860000000000000000e+02 1.386803842701539935e+01
-2.840000000000000000e+02 1.348193927934557479e+01
-2.820000000000000000e+02 1.383425908758345813e+01
-2.800000000000000000e+02 1.373456233917235281e+01
-2.780000000000000000e+02 1.365945083922540704e+01
-2.760000000000000000e+02 1.370682374211848220e+01
-2.740000000000000000e+02 1.330616750782768953e+01
-2.720000000000000000e+02 1.367081972060653605e+01
-2.700000000000000000e+02 1.336497474400598584e+01
-2.680000000000000000e+02 1.428245750974577177e+01
-2.660000000000000000e+02 1.316818295075074197e+01
-2.640000000000000000e+02 1.357851542450351090e+01
-2.620000000000000000e+02 1.353950086047239409e+01
-2.600000000000000000e+02 1.353460614384011507e+01
-2.580000000000000000e+02 1.355875880286924229e+01
-2.560000000000000000e+02 1.351561825415497076e+01
-2.540000000000000000e+02 1.342857891963959283e+01
-2.520000000000000000e+02 1.354899270555936397e+01
-2.500000000000000000e+02 1.352393082787248346e+01
-2.480000000000000000e+02 1.350670854057640646e+01
-2.460000000000000000e+02 1.347352019114016208e+01
-2.440000000000000000e+02 1.343035383336411392e+01
-2.420000000000000000e+02 1.350416970151914953e+01
-2.400000000000000000e+02 1.350498633895317191e+01
-2.380000000000000000e+02 1.347647804492927115e+01
-2.360000000000000000e+02 1.341350762195366642e+01
-2.340000000000000000e+02 1.346214879869704717e+01
-2.320000000000000000e+02 1.345838270569963591e+01
-2.300000000000000000e+02 1.349925067261460754e+01
-2.280000000000000000e+02 1.342888946735492617e+01
-2.260000000000000000e+02 1.344838231673694828e+01
-2.240000000000000000e+02 1.342325585367495044e+01
-2.220000000000000000e+02 1.357151191069980101e+01
-2.200000000000000000e+02 1.336557211698461245e+01
-2.180000000000000000e+02 1.356153415498924097e+01
-2.160000000000000000e+02 1.341959048188409120e+01
-2.140000000000000000e+02 1.354767097168555878e+01
-2.120000000000000000e+02 1.337895118562443741e+01
-2.100000000000000000e+02 1.352834722423744118e+01
-2.080000000000000000e+02 1.344924250225404627e+01
-2.060000000000000000e+02 1.351320127524816428e+01
-2.040000000000000000e+02 1.352989719135373647e+01
-2.020000000000000000e+02 1.349275161081454755e+01
-2.000000000000000000e+02 1.353646544355738435e+01
-1.980000000000000000e+02 1.344452030034487855e+01
-1.960000000000000000e+02 1.359736608558441517e+01
-1.940000000000000000e+02 1.348256002174360013e+01
-1.920000000000000000e+02 1.364980624292564926e+01
-1.900000000000000000e+02 1.355874170397700240e+01
-1.880000000000000000e+02 1.360163671635267235e+01
-1.860000000000000000e+02 1.340614495203410428e+01
-1.840000000000000000e+02 1.366866926015855555e+01
-1.820000000000000000e+02 1.356178079994390551e+01
-1.800000000000000000e+02 1.361827326876194455e+01
-1.780000000000000000e+02 1.363338983996152365e+01
-1.760000000000000000e+02 1.363900770723686229e+01
-1.740000000000000000e+02 1.368273820446636613e+01
-1.720000000000000000e+02 1.364670352022553956e+01
-1.700000000000000000e+02 1.369981915158378882e+01
-1.680000000000000000e+02 1.373730112610547671e+01
-1.660000000000000000e+02 1.361122029704237235e+01
-1.640000000000000000e+02 1.378085880587397405e+01
-1.620000000000000000e+02 1.377353360140868510e+01
-1.600000000000000000e+02 1.378587516827964521e+01
-1.580000000000000000e+02 1.377224230426411644e+01
-1.560000000000000000e+02 1.377401855477291370e+01
-1.540000000000000000e+02 1.390745684617457378e+01
-1.520000000000000000e+02 1.383833084980822470e+01
-1.500000000000000000e+02 1.379520166024023808e+01
-1.480000000000000000e+02 1.395476219879549262e+01
-1.460000000000000000e+02 1.398410231224839606e+01
-1.440000000000000000e+02 1.393936721357402142e+01
-1.420000000000000000e+02 1.387880972334038354e+01
-1.400000000000000000e+02 1.410698730870104889e+01
-1.380000000000000000e+02 1.395885901143734031e+01
-1.360000000000000000e+02 1.402842415826576250e+01
-1.340000000000000000e+02 1.408861620670105985e+01
-1.320000000000000000e+02 1.411603844118168638e+01
-1.300000000000000000e+02 1.411989525841019777e+01
-1.280000000000000000e+02 1.416643633615723274e+01
-1.260000000000000000e+02 1.416671686675841890e+01
-1.240000000000000000e+02 1.426570236112696932e+01
-1.220000000000000000e+02 1.432135990038044504e+01
-1.200000000000000000e+02 1.411944022840251733e+01
-1.180000000000000000e+02 1.436536796906476354e+01
-1.160000000000000000e+02 1.434943169360118098e+01
-1.140000000000000000e+02 1.447512762137880493e+01
-1.120000000000000000e+02 1.439844805637598490e+01
-1.100000000000000000e+02 1.445753204839642514e+01
-1.080000000000000000e+02 1.444710807579830103e+01
-1.060000000000000000e+02 1.456875630405236599e+01
-1.040000000000000000e+02 1.458199587059952584e+01
-1.020000000000000000e+02 1.467491504022144966e+01
-1.000000000000000000e+02 1.453210545119762465e+01
-9.800000000000000000e+01 1.475480954313369608e+01
-9.600000000000000000e+01 1.478421683698058686e+01
-9.400000000000000000e+01 1.472535636838201079e+01
-9.200000000000000000e+01 1.486955306777385388e+01
-9.000000000000000000e+01 1.490190797986931770e+01
-8.800000000000000000e+01 1.495160054702148678e+01
-8.600000000000000000e+01 1.497080026109670747e+01
-8.400000000000000000e+01 1.499659740497897786e+01
-8.200000000000000000e+01 1.513189388212032682e+01
-8.000000000000000000e+01 1.511427160000717329e+01
-7.800000000000000000e+01 1.512989137711793575e+01
-7.600000000000000000e+01 1.522640217103317894e+01
-7.400000000000000000e+01 1.534204400424471615e+01
-7.200000000000000000e+01 1.540047519753422200e+01
-7.000000000000000000e+01 1.531464668259203243e+01
-6.800000000000000000e+01 1.555907919827549435e+01
-6.600000000000000000e+01 1.548779887393213350e+01
-6.400000000000000000e+01 1.554530711603364068e+01
-6.200000000000000000e+01 1.562170311924745825e+01
-6.000000000000000000e+01 1.577089533314982006e+01
-5.800000000000000000e+01 1.571386893638826621e+01
-5.600000000000000000e+01 1.589085355295673807e+01
-5.400000000000000000e+01 1.579904991964668426e+01
-5.200000000000000000e+01 1.606947462908764734e+01
-5.000000000000000000e+01 1.608618327442465912e+01
-4.800000000000000000e+01 1.610479158496040597e+01
-4.600000000000000000e+01 1.626152146315070013e+01
-4.400000000000000000e+01 1.623022133723333837e+01
-4.200000000000000000e+01 1.637672373253246150e+01
-4.000000000000000000e+01 1.644086425629782156e+01
-3.800000000000000000e+01 1.653342870611612980e+01
-3.600000000000000000e+01 1.657922701020110878e+01
-3.400000000000000000e+01 1.668345484436597204e+01
-3.200000000000000000e+01 1.683750979916896640e+01
-3.000000000000000000e+01 1.684446550127705677e+01
-2.800000000000000000e+01 1.695210678534465387e+01
-2.600000000000000000e+01 1.706199867060279374e+01
-2.400000000000000000e+01 1.716156680811967306e+01
-2.200000000000000000e+01 1.724261923997551094e+01
-2.000000000000000000e+01 1.732135551474317481e+01
-1.800000000000000000e+01 1.750878463009755848e+01
-1.600000000000000000e+01 1.760979163625715316e+01
-1.400000000000000000e+01 1.766060143833265528e+01
-1.200000000000000000e+01 1.779502584948832933e+01
-1.000000000000000000e+01 1.792734662161716841e+01
-8.000000000000000000e+00 1.802337249436657984e+01
-6.000000000000000000e+00 1.820955344942229459e+01
-4.000000000000000000e+00 1.805741877508402382e+01
-2.000000000000000000e+00 1.858106960678486530e+01
0.000000000000000000e+00 1.875875447504939686e+01
2.000000000000000000e+00 1.845680991152136485e+01
4.000000000000000000e+00 1.891584654730512582e+01
6.000000000000000000e+00 1.904813997413746662e+01
8.000000000000000000e+00 1.911760456949996723e+01
1.000000000000000000e+01 1.937416484807052441e+01
1.200000000000000000e+01 1.960816629525188759e+01
1.400000000000000000e+01 1.957629956013222383e+01
1.600000000000000000e+01 1.986532323005223333e+01
1.800000000000000000e+01 2.006651152960078122e+01
2.000000000000000000e+01 2.027507296188040797e+01
2.200000000000000000e+01 2.045312793942951046e+01
2.400000000000000000e+01 2.061516234390056823e+01
2.600000000000000000e+01 2.077528966387269804e+01
2.800000000000000000e+01 2.103340522643252442e+01
3.000000000000000000e+01 2.122193493292839150e+01
3.200000000000000000e+01 2.152287934532006730e+01
3.400000000000000000e+01 2.166535633386171966e+01
3.600000000000000000e+01 2.199443494397199927e+01
3.800000000000000000e+01 2.225281545194833299e+01
4.000000000000000000e+01 2.240170144937068741e+01
4.200000000000000000e+01 2.269834233926945188e+01
4.400000000000000000e+01 2.291491853234805731e+01
4.600000000000000000e+01 2.325997783132040198e+01
4.800000000000000000e+01 2.364443482093354376e+01
5.000000000000000000e+01 2.384008116974666436e+01
5.200000000000000000e+01 2.416547245962353330e+01
5.400000000000000000e+01 2.454823204851335916e+01
5.600000000000000000e+01 2.480578126766846481e+01
5.800000000000000000e+01 2.514849686007149643e+01
6.000000000000000000e+01 2.558430048686870251e+01
6.200000000000000000e+01 2.595300685432998478e+01
6.400000000000000000e+01 2.636583682940319306e+01
6.600000000000000000e+01 2.678208751147513311e+01
6.800000000000000000e+01 2.724158304531004759e+01
7.000000000000000000e+01 2.766926990671005271e+01
7.200000000000000000e+01 2.814530751176409851e+01
7.400000000000000000e+01 2.865696155980951332e+01
7.600000000000000000e+01 2.920487642013505081e+01
7.800000000000000000e+01 2.975957627997815536e+01
8.000000000000000000e+01 3.030510888837869743e+01
8.200000000000000000e+01 3.096949591532372281e+01
8.400000000000000000e+01 3.167331501746989630e+01
8.600000000000000000e+01 3.227379456888704823e+01
8.800000000000000000e+01 3.315423265277285481e+01
9.000000000000000000e+01 3.376500256513823217e+01
9.200000000000000000e+01 3.498828295481104789e+01
9.400000000000000000e+01 3.535481570753812974e+01
9.600000000000000000e+01 3.654709441657243474e+01
9.800000000000000000e+01 3.758209966711415007e+01
1.000000000000000000e+02 3.862925449557118895e+01
1.020000000000000000e+02 3.995693201556244389e+01
1.040000000000000000e+02 4.115797878595391524e+01
1.060000000000000000e+02 4.261311655313367197e+01
1.080000000000000000e+02 4.408579733251868049e+01
1.100000000000000000e+02 4.609265995676100403e+01
1.120000000000000000e+02 4.754537590272567371e+01
1.140000000000000000e+02 4.988687265117145841e+01
1.160000000000000000e+02 5.216421173618392260e+01
1.180000000000000000e+02 5.494778183302430108e+01
1.200000000000000000e+02 5.778018681838211990e+01
1.220000000000000000e+02 6.137628251059351925e+01
1.240000000000000000e+02 6.558293839596169050e+01
1.260000000000000000e+02 7.020399455799582711e+01
1.280000000000000000e+02 7.620875384158294708e+01
1.300000000000000000e+02 8.346742013128772442e+01
1.320000000000000000e+02 9.267461401372320040e+01
1.340000000000000000e+02 1.054754201775287612e+02
1.360000000000000000e+02 1.233712282900036001e+02
1.380000000000000000e+02 1.529834353972030954e+02
1.400000000000000000e+02 2.156272191787624593e+02
1.420000000000000000e+02 4.817009966018701448e+02
1.440000000000000000e+02 9.232178411264121678e+02
1.460000000000000000e+02 4.953404036008990943e+02
1.480000000000000000e+02 0.000000000000000000e+00
1.500000000000000000e+02 0.000000000000000000e+00
1.520000000000000000e+02 0.000000000000000000e+00
1.540000000000000000e+02 0.000000000000000000e+00
1.560000000000000000e+02 0.000000000000000000e+00
1.580000000000000000e+02 0.000000000000000000e+00
1.600000000000000000e+02 0.000000000000000000e+00
1.620000000000000000e+02 0.000000000000000000e+00
1.640000000000000000e+02 0.000000000000000000e+00
1.660000000000000000e+02 0.000000000000000000e+00
1.680000000000000000e+02 0.000000000000000000e+00
1.700000000000000000e+02 0.000000000000000000e+00
1.720000000000000000e+02 0.000000000000000000e+00
1.740000000000000000e+02 0.000000000000000000e+00
1.760000000000000000e+02 0.000000000000000000e+00
1.780000000000000000e+02 0.000000000000000000e+00
1.800000000000000000e+02 0.000000000000000000e+00
1.820000000000000000e+02 0.000000000000000000e+00
1.840000000000000000e+02 0.000000000000000000e+00
1.860000000000000000e+02 0.000000000000000000e+00
1.880000000000000000e+02 0.000000000000000000e+00
1.900000000000000000e+02 0.000000000000000000e+00
1.920000000000000000e+02 0.000000000000000000e+00
1.940000000000000000e+02 0.000000000000000000e+00
1.960000000000000000e+02 0.000000000000000000e+00
1.980000000000000000e+02 0.000000000000000000e+00
2.000000000000000000e+02 0.000000000000000000e+00
2.020000000000000000e+02 0.000000000000000000e+00
2.040000000000000000e+02 0.000000000000000000e+00
2.060000000000000000e+02 0.000000000000000000e+00
2.080000000000000000e+02 0.000000000000000000e+00
2.100000000000000000e+02 0.000000000000000000e+00
2.120000000000000000e+02 0.000000000000000000e+00
2.140000000000000000e+02 0.000000000000000000e+00
2.160000000000000000e+02 0.000000000000000000e+00
2.180000000000000000e+02 0.000000000000000000e+00
2.200000000000000000e+02 0.000000000000000000e+00
2.220000000000000000e+02 0.000000000000000000e+00
2.240000000000000000e+02 0.000000000000000000e+00
2.260000000000000000e+02 0.000000000000000000e+00
2.280000000000000000e+02 0.000000000000000000e+00
2.300000000000000000e+02 0.000000000000000000e+00
2.320000000000000000e+02 0.000000000000000000e+00
2.340000000000000000e+02 0.000000000000000000e+00
2.360000000000000000e+02 0.000000000000000000e+00
2.380000000000000000e+02 0.000000000000000000e+00
2.400000000000000000e+02 0.000000000000000000e+00
2.420000000000000000e+02 0.000000000000000000e+00
2.440000000000000000e+02 0.000000000000000000e+00
2.460000000000000000e+02 0.000000000000000000e+00
2.480000000000000000e+02 0.000000000000000000e+00
2.500000000000000000e+02 0.000000000000000000e+00
2.520000000000000000e+02 0.000000000000000000e+00
2.540000000000000000e+02 0.000000000000000000e+00
2.560000000000000000e+02 0.000000000000000000e+00
2.580000000000000000e+02 0.000000000000000000e+00
2.600000000000000000e+02 0.000000000000000000e+00
2.620000000000000000e+02 0.000000000000000000e+00
2.640000000000000000e+02 0.000000000000000000e+00
2.660000000000000000e+02 0.000000000000000000e+00
2.680000000000000000e+02 0.000000000000000000e+00
2.700000000000000000e+02 0.000000000000000000e+00
2.720000000000000000e+02 0.000000000000000000e+00
2.740000000000000000e+02 0.000000000000000000e+00
2.760000000000000000e+02 0.000000000000000000e+00
2.780000000000000000e+02 0.000000000000000000e+00
2.800000000000000000e+02 0.000000000000000000e+00
2.820000000000000000e+02 0.000000000000000000e+00
2.840000000000000000e+02 0.000000000000000000e+00
2.860000000000000000e+02 0.000000000000000000e+00
2.880000000000000000e+02 0.000000000000000000e+00
2.900000000000000000e+02 0.000000000000000000e+00
2.920000000000000000e+02 0.000000000000000000e+00
2.940000000000000000e+02 0.000000000000000000e+00
2.960000000000000000e+02 0.000000000000000000e+00
2.980000000000000000e+02 0.000000000000000000e+00
3.000000000000000000e+02 0.000000000000000000e+00
3.020000000000000000e+02 0.000000000000000000e+00
3.040000000000000000e+02 0.000000000000000000e+00
3.060000000000000000e+02 0.000000000000000000e+00
3.080000000000000000e+02 0.000000000000000000e+00
3.100000000000000000e+02 0.000000000000000000e+00
3.120000000000000000e+02 0.000000000000000000e+00
3.140000000000000000e+02 0.000000000000000000e+00
3.160000000000000000e+02 0.000000000000000000e+00
3.180000000000000000e+02 0.000000000000000000e+00
3.200000000000000000e+02 0.000000000000000000e+00
3.220000000000000000e+02 0.000000000000000000e+00
3.240000000000000000e+02 0.000000000000000000e+00
3.260000000000000000e+02 0.000000000000000000e+00
3.280000000000000000e+02 0.000000000000000000e+00
3.300000000000000000e+02 0.000000000000000000e+00
3.320000000000000000e+02 0.000000000000000000e+00
3.340000000000000000e+02 0.000000000000000000e+00
3.360000000000000000e+02 0.000000000000000000e+00
3.380000000000000000e+02 0.000000000000000000e+00
3.400000000000000000e+02 0.000000000000000000e+00
3.420000000000000000e+02 0.000000000000000000e+00
3.440000000000000000e+02 0.000000000000000000e+00
3.460000000000000000e+02 0.000000000000000000e+00
3.480000000000000000e+02 0.000000000000000000e+00
3.500000000000000000e+02 0.000000000000000000e+00
3.520000000000000000e+02 0.000000000000000000e+00
3.540000000000000000e+02 0.000000000000000000e+00
3.560000000000000000e+02 0.000000000000000000e+00
3.580000000000000000e+02 0.000000000000000000e+00
3.600000000000000000e+02 0.000000000000000000e+00
3.620000000000000000e+02 0.000000000000000000e+00
3.640000000000000000e+02 0.000000000000000000e+00
3.660000000000000000e+02 0.000000000000000000e+00
3.680000000000000000e+02 0.000000000000000000e+00
3.700000000000000000e+02 0.000000000000000000e+00
3.720000000000000000e+02 0.000000000000000000e+00
3.740000000000000000e+02 0.000000000000000000e+00
3.760000000000000000e+02 0.000000000000000000e+00
3.780000000000000000e+02 0.000000000000000000e+00
3.800000000000000000e+02 0.000000000000000000e+00
3.820000000000000000e+02 0.000000000000000000e+00
3.840000000000000000e+02 0.000000000000000000e+00
3.860000000000000000e+02 0.000000000000000000e+00
3.880000000000000000e+02 0.000000000000000000e+00
3.900000000000000000e+02 0.000000000000000000e+00
3.920000000000000000e+02 0.000000000000000000e+00
3.940000000000000000e+02 0.000000000000000000e+00
3.960000000000000000e+02 0.000000000000000000e+00
3.980000000000000000e+02 0.000000000000000000e+00
4.000000000000000000e+02 0.000000000000000000e+00
4.020000000000000000e+02 0.000000000000000000e+00
4.040000000000000000e+02 0.000000000000000000e+00
4.060000000000000000e+02 0.000000000000000000e+00
4.080000000000000000e+02 0.000000000000000000e+00
4.100000000000000000e+02 0.000000000000000000e+00
4.120000000000000000e+02 0.000000000000000000e+00
4.140000000000000000e+02 0.000000000000000000e+00
4.160000000000000000e+02 0.000000000000000000e+00
4.180000000000000000e+02 0.000000000000000000e+00
4.200000000000000000e+02 0.000000000000000000e+00
4.220000000000000000e+02 0.000000000000000000e+00
4.240000000000000000e+02 0.000000000000000000e+00
4.260000000000000000e+02 0.000000000000000000e+00
4.280000000000000000e+02 0.000000000000000000e+00
4.300000000000000000e+02 0.000000000000000000e+00
4.320000000000000000e+02 0.000000000000000000e+00
4.340000000000000000e+02 0.000000000000000000e+00
4.360000000000000000e+02 0.000000000000000000e+00
4.380000000000000000e+02 0.000000000000000000e+00
4.400000000000000000e+02 0.000000000000000000e+00
4.420000000000000000e+02 0.000000000000000000e+00
4.440000000000000000e+02 0.000000000000000000e+00
4.460000000000000000e+02 0.000000000000000000e+00
4.480000000000000000e+02 0.000000000000000000e+00
4.500000000000000000e+02 0.000000000000000000e+00
4.520000000000000000e+02 0.000000000000000000e+00
4.540000000000000000e+02 0.000000000000000000e+00
4.560000000000000000e+02 0.000000000000000000e+00
4.580000000000000000e+02 0.000000000000000000e+00
4.600000000000000000e+02 0.000000000000000000e+00
4.620000000000000000e+02 0.000000000000000000e+00
4.640000000000000000e+02 0.000000000000000000e+00
4.660000000000000000e+02 0.000000000000000000e+00
4.680000000000000000e+02 0.000000000000000000e+00
4.700000000000000000e+02 0.000000000000000000e+00
4.720000000000000000e+02 0.000000000000000000e+00
4.740000000000000000e+02 0.000000000000000000e+00
4.760000000000000000e+02 0.000000000000000000e+00
4.780000000000000000e+02 0.000000000000000000e+00
4.800000000000000000e+02 0.000000000000000000e+00
4.820000000000000000e+02 0.000000000000000000e+00
4.840000000000000000e+02 0.000000000000000000e+00
4.860000000000000000e+02 0.000000000000000000e+00
4.880000000000000000e+02 0.000000000000000000e+00
4.900000000000000000e+02 0.000000000000000000e+00
4.920000000000000000e+02 0.000000000000000000e+00
4.940000000000000000e+02 0.000000000000000000e+00
4.960000000000000000e+02 0.000000000000000000e+00
4.980000000000000000e+02 0.000000000000000000e+00
5.000000000000000000e+02 0.000000000000000000e+00
5.020000000000000000e+02 0.000000000000000000e+00
5.040000000000000000e+02 0.000000000000000000e+00
5.060000000000000000e+02 0.000000000000000000e+00
5.080000000000000000e+02 0.000000000000000000e+00
5.100000000000000000e+02 0.000000000000000000e+00
5.120000000000000000e+02 0.000000000000000000e+00
5.140000000000000000e+02 0.000000000000000000e+00
5.160000000000000000e+02 0.000000000000000000e+00
5.180000000000000000e+02 0.000000000000000000e+00
5.200000000000000000e+02 0.000000000000000000e+00
5.220000000000000000e+02 0.000000000000000000e+00
5.240000000000000000e+02 0.000000000000000000e+00
5.260000000000000000e+02 0.000000000000000000e+00
5.280000000000000000e+02 0.000000000000000000e+00
5.300000000000000000e+02 0.000000000000000000e+00
5.320000000000000000e+02 0.000000000000000000e+00
5.340000000000000000e+02 0.000000000000000000e+00
5.360000000000000000e+02 0.000000000000000000e+00
5.380000000000000000e+02 0.000000000000000000e+00
5.400000000000000000e+02 0.000000000000000000e+00
5.420000000000000000e+02 0.000000000000000000e+00
5.440000000000000000e+02 0.000000000000000000e+00
5.460000000000000000e+02 0.000000000000000000e+00
5.480000000000000000e+02 0.000000000000000000e+00
5.500000000000000000e+02 0.000000000000000000e+00
5.520000000000000000e+02 0.000000000000000000e+00
5.540000000000000000e+02 0.000000000000000000e+00
5.560000000000000000e+02 0.000000000000000000e+00
5.580000000000000000e+02 0.000000000000000000e+00
5.600000000000000000e+02 0.000000000000000000e+00
5.620000000000000000e+02 0.000000000000000000e+00
5.640000000000000000e+02 0.000000000000000000e+00
5.660000000000000000e+02 0.000000000000000000e+00
5.680000000000000000e+02 0.000000000000000000e+00
5.700000000000000000e+02 0.000000000000000000e+00
5.720000000000000000e+02 0.000000000000000000e+00
5.740000000000000000e+02 0.000000000000000000e+00
5.760000000000000000e+02 0.000000000000000000e+00
5.780000000000000000e+02 0.000000000000000000e+00
5.800000000000000000e+02 0.000000000000000000e+00
5.820000000000000000e+02 0.000000000000000000e+00
5.840000000000000000e+02 0.000000000000000000e+00
5.860000000000000000e+02 0.000000000000000000e+00
5.880000000000000000e+02 0.000000000000000000e+00
5.900000000000000000e+02 0.000000000000000000e+00
5.920000000000000000e+02 0.000000000000000000e+00
5.940000000000000000e+02 0.000000000000000000e+00
5.960000000000000000e+02 0.000000000000000000e+00
5.980000000000000000e+02 0.000000000000000000e+00
6.000000000000000000e+02 0.000000000000000000e+00
6.020000000000000000e+02 0.000000000000000000e+00
6.040000000000000000e+02 0.000000000000000000e+00
6.060000000000000000e+02 0.000000000000000000e+00
6.080000000000000000e+02 0.000000000000000000e+00
6.100000000000000000e+02 0.000000000000000000e+00
6.120000000000000000e+02 0.000000000000000000e+00
6.140000000000000000e+02 0.000000000000000000e+00
6.160000000000000000e+02 0.000000000000000000e+00
6.180000000000000000e+02 0.000000000000000000e+00
6.200000000000000000e+02 0.000000000000000000e+00
6.220000000000000000e+02 0.000000000000000000e+00
6.240000000000000000e+02 0.000000000000000000e+00
6.260000000000000000e+02 0.000000000000000000e+00
6.280000000000000000e+02 0.000000000000000000e+00
6.300000000000000000e+02 0.000000000000000000e+00
6.320000000000000000e+02 0.000000000000000000e+00
6.340000000000000000e+02 0.000000000000000000e+00
6.360000000000000000e+02 0.000000000000000000e+00
6.380000000000000000e+02 0.000000000000000000e+00
6.400000000000000000e+02 0.000000000000000000e+00
6.420000000000000000e+02 0.000000000000000000e+00
6.440000000000000000e+02 0.000000000000000000e+00
6.460000000000000000e+02 0.000000000000000000e+00
6.480000000000000000e+02 0.000000000000000000e+00
6.500000000000000000e+02 0.000000000000000000e+00
6.520000000000000000e+02 0.000000000000000000e+00
6.540000000000000000e+02 0.000000000000000000e+00
6.560000000000000000e+02 0.000000000000000000e+00
6.580000000000000000e+02 0.000000000000000000e+00
6.600000000000000000e+02 0.000000000000000000e+00
6.620000000000000000e+02 0.000000000000000000e+00
6.640000000000000000e+02 0.000000000000000000e+00
6.660000000000000000e+02 0.000000000000000000e+00
6.680000000000000000e+02 0.000000000000000000e+00
6.700000000000000000e+02 0.000000000000000000e+00
6.720000000000000000e+02 0.000000000000000000e+00
6.740000000000000000e+02 0.000000000000000000e+00
6.760000000000000000e+02 0.000000000000000000e+00
6.780000000000000000e+02 0.000000000000000000e+00
6.800000000000000000e+02 0.000000000000000000e+00
6.820000000000000000e+02 0.000000000000000000e+00
6.840000000000000000e+02 0.000000000000000000e+00
6.860000000000000000e+02 0.000000000000000000e+00
6.880000000000000000e+02 0.000000000000000000e+00
6.900000000000000000e+02 0.000000000000000000e+00
6.920000000000000000e+02 0.000000000000000000e+00
6.940000000000000000e+02 0.000000000000000000e+00
6.960000000000000000e+02 0.000000000000000000e+00
6.980000000000000000e+02 0.000000000000000000e+00
7.000000000000000000e+02 0.000000000000000000e+00
7.020000000000000000e+02 0.000000000000000000e+00
7.040000000000000000e+02 0.000000000000000000e+00
7.060000000000000000e+02 0.000000000000000000e+00
7.080000000000000000e+02 0.000000000000000000e+00
7.100000000000000000e+02 0.000000000000000000e+00
7.120000000000000000e+02 0.000000000000000000e+00
7.140000000000000000e+02 0.000000000000000000e+00
7.160000000000000000e+02 0.000000000000000000e+00
7.180000000000000000e+02 0.000000000000000000e+00
7.200000000000000000e+02 0.000000000000000000e+00
7.220000000000000000e+02 0.000000000000000000e+00
7.240000000000000000e+02 0.000000000000000000e+00
7.260000000000000000e+02 0.000000000000000000e+00
7.280000000000000000e+02 0.000000000000000000e+00
7.300000000000000000e+02 0.000000000000000000e+00
7.320000000000000000e+02 0.000000000000000000e+00
7.340000000000000000e+02 0.000000000000000000e+00
7.360000000000000000e+02 0.000000000000000000e+00
7.380000000000000000e+02 0.000000000000000000e+00
7.400000000000000000e+02 0.000000000000000000e+00
7.420000000000000000e+02 0.000000000000000000e+00
7.440000000000000000e+02 0.000000000000000000e+00
7.460000000000000000e+02 0.000000000000000000e+00
7.480000000000000000e+02 0.000000000000000000e+00
7.500000000000000000e+02 0.000000000000000000e+00
7.520000000000000000e+02 0.000000000000000000e+00
7.540000000000000000e+02 0.000000000000000000e+00
7.560000000000000000e+02 0.000000000000000000e+00
7.580000000000000000e+02 0.000000000000000000e+00
7.600000000000000000e+02 0.000000000000000000e+00
7.620000000000000000e+02 0.000000000000000000e+00
7.640000000000000000e+02 0.000000000000000000e+00
7.660000000000000000e+02 0.000000000000000000e+00
7.680000000000000000e+02 0.000000000000000000e+00
7.700000000000000000e+02 0.000000000000000000e+00
7.720000000000000000e+02 0.000000000000000000e+00
7.740000000000000000e+02 0.000000000000000000e+00
7.760000000000000000e+02 0.000000000000000000e+00
7.780000000000000000e+02 0.000000000000000000e+00
7.800000000000000000e+02 0.000000000000000000e+00
7.820000000000000000e+02 0.000000000000000000e+00
7.840000000000000000e+02 0.000000000000000000e+00
7.860000000000000000e+02 0.000000000000000000e+00
7.880000000000000000e+02 0.000000000000000000e+00
7.900000000000000000e+02 0.000000000000000000e+00
7.920000000000000000e+02 0.000000000000000000e+00
7.940000000000000000e+02 0.000000000000000000e+00
7.960000000000000000e+02 0.000000000000000000e+00
7.980000000000000000e+02 0.000000000000000000e+00
