-8.000000000000000000e+02 0.000000000000000000e+00
-7.980000000000000000e+02 0.000000000000000000e+00
-7.960000000000000000e+02 0.000000000000000000e+00
-7.940000000000000000e+02 0.000000000000000000e+00
-7.920000000000000000e+02 0.000000000000000000e+00
-7.900000000000000000e+02 0.000000000000000000e+00
-7.880000000000000000e+02 0.000000000000000000e+00
-7.860000000000000000e+02 0.000000000000000000e+00
-7.840000000000000000e+02 0.000000000000000000e+00
-7.820000000000000000e+02 0.000000000000000000e+00
-7.800000000000000000e+02 0.000000000000000000e+00
-7.780000000000000000e+02 0.000000000000000000e+00
-7.760000000000000000e+02 0.000000000000000000e+00
-7.740000000000000000e+02 0.000000000000000000e+00
-7.720000000000000000e+02 0.000000000000000000e+00
-7.700000000000000000e+02 0.000000000000000000e+00
-7.680000000000000000e+02 0.000000000000000000e+00
-7.660000000000000000e+02 0.000000000000000000e+00
-7.640000000000000000e+02 0.000000000000000000e+00
-7.620000000000000000e+02 0.000000000000000000e+00
-7.600000000000000000e+02 0.000000000000000000e+00
-7.580000000000000000e+02 0.000000000000000000e+00
-7.560000000000000000e+02 0.000000000000000000e+00
-7.540000000000000000e+02 0.000000000000000000e+00
-7.520000000000000000e+02 0.000000000000000000e+00
-7.500000000000000000e+02 0.000000000000000000e+00
-7.480000000000000000e+02 0.000000000000000000e+00
-7.460000000000000000e+02 0.000000000000000000e+00
-7.440000000000000000e+02 0.000000000000000000e+00
-7.420000000000000000e+02 0.000000000000000000e+00
-7.400000000000000000e+02 0.000000000000000000e+00
-7.380000000000000000e+02 0.000000000000000000e+00
-7.360000000000000000e+02 0.000000000000000000e+00
-7.340000000000000000e+02 0.000000000000000000e+00
-7.320000000000000000e+02 0.000000000000000000e+00
-7.300000000000000000e+02 0.000000000000000000e+00
-7.280000000000000000e+02 0.000000000000000000e+00
-7.260000000000000000e+02 0.000000000000000000e+00
-7.240000000000000000e+02 0.000000000000000000e+00
-7.220000000000000000e+02 0.000000000000000000e+00
-7.200000000000000000e+02 0.000000000000000000e+00
-7.180000000000000000e+02 0.000000000000000000e+00
-7.160000000000000000e+02 0.000000000000000000e+00
-7.140000000000000000e+02 0.000000000000000000e+00
-7.120000000000000000e+02 0.000000000000000000e+00
-7.100000000000000000e+02 0.000000000000000000e+00
-7.080000000000000000e+02 0.000000000000000000e+00
-7.060000000000000000e+02 0.000000000000000000e+00
-7.040000000000000000e+02 0.000000000000000000e+00
-7.020000000000000000e+02 0.000000000000000000e+00
-7.000000000000000000e+02 0.000000000000000000e+00
-6.980000000000000000e+02 0.000000000000000000e+00
-6.960000000000000000e+02 0.000000000000000000e+00
-6.940000000000000000e+02 0.000000000000000000e+00
-6.920000000000000000e+02 0.000000000000000000e+00
-6.900000000000000000e+02 0.000000000000000000e+00
-6.880000000000000000e+02 0.000000000000000000e+00
-6.860000000000000000e+02 0.000000000000000000e+00
-6.840000000000000000e+02 0.000000000000000000e+00
-6.820000000000000000e+02 0.000000000000000000e+00
-6.800000000000000000e+02 0.000000000000000000e+00
-6.780000000000000000e+02 0.000000000000000000e+00
-6.760000000000000000e+02 0.000000000000000000e+00
-6.740000000000000000e+02 0.000000000000000000e+00
-6.720000000000000000e+02 0.000000000000000000e+00
-6.700000000000000000e+02 0.000000000000000000e+00
-6.680000000000000000e+02 0.000000000000000000e+00
-6.660000000000000000e+02 0.000000000000000000e+00
-6.640000000000000000e+02 0.000000000000000000e+00
-6.620000000000000000e+02 0.000000000000000000e+00
-6.600000000000000000e+02 0.000000000000000000e+00
-6.580000000000000000e+02 0.000000000000000000e+00
-6.560000000000000000e+02 0.000000000000000000e+00
-6.540000000000000000e+02 0.000000000000000000e+00
-6.520000000000000000e+02 0.000000000000000000e+00
-6.500000000000000000e+02 0.000000000000000000e+00
-6.480000000000000000e+02 0.000000000000000000e+00
-6.460000000000000000e+02 0.000000000000000000e+00
-6.440000000000000000e+02 0.000000000000000000e+00
-6.420000000000000000e+02 0.000000000000000000e+00
-6.400000000000000000e+02 0.000000000000000000e+00
-6.380000000000000000e+02 0.000000000000000000e+00
-6.360000000000000000e+02 0.000000000000000000e+00
-6.340000000000000000e+02 0.000000000000000000e+00
-6.320000000000000000e+02 0.000000000000000000e+00
-6.300000000000000000e+02 0.000000000000000000e+00
-6.280000000000000000e+02 0.000000000000000000e+00
-6.260000000000000000e+02 0.000000000000000000e+00
-6.240000000000000000e+02 0.000000000000000000e+00
-6.220000000000000000e+02 0.000000000000000000e+00
-6.200000000000000000e+02 0.000000000000000000e+00
-6.180000000000000000e+02 0.000000000000000000e+00
-6.160000000000000000e+02 0.000000000000000000e+00
-6.140000000000000000e+02 0.000000000000000000e+00
-6.120000000000000000e+02 0.000000000000000000e+00
-6.100000000000000000e+02 0.000000000000000000e+00
-6.080000000000000000e+02 0.000000000000000000e+00
-6.060000000000000000e+02 0.000000000000000000e+00
-6.040000000000000000e+02 0.000000000000000000e+00
-6.020000000000000000e+02 0.000000000000000000e+00
-6.000000000000000000e+02 0.000000000000000000e+00
-5.980000000000000000e+02 0.000000000000000000e+00
-5.960000000000000000e+02 0.000000000000000000e+00
-5.940000000000000000e+02 0.000000000000000000e+00
-5.920000000000000000e+02 0.000000000000000000e+00
-5.900000000000000000e+02 0.000000000000000000e+00
-5.880000000000000000e+02 0.000000000000000000e+00
-5.860000000000000000e+02 0.000000000000000000e+00
-5.840000000000000000e+02 0.000000000000000000e+00
-5.820000000000000000e+02 0.000000000000000000e+00
-5.800000000000000000e+02 0.000000000000000000e+00
-5.780000000000000000e+02 0.000000000000000000e+00
-5.760000000000000000e+02 0.000000000000000000e+00
-5.740000000000000000e+02 0.000000000000000000e+00
-5.720000000000000000e+02 0.000000000000000000e+00
-5.700000000000000000e+02 0.000000000000000000e+00
-5.680000000000000000e+02 0.000000000000000000e+00
-5.660000000000000000e+02 0.000000000000000000e+00
-5.640000000000000000e+02 0.000000000000000000e+00
-5.620000000000000000e+02 0.000000000000000000e+00
-5.600000000000000000e+02 0.000000000000000000e+00
-5.580000000000000000e+02 0.000000000000000000e+00
-5.560000000000000000e+02 0.000000000000000000e+00
-5.540000000000000000e+02 0.000000000000000000e+00
-5.520000000000000000e+02 0.000000000000000000e+00
-5.500000000000000000e+02 0.000000000000000000e+00
-5.480000000000000000e+02 0.000000000000000000e+00
-5.460000000000000000e+02 0.000000000000000000e+00
-5.440000000000000000e+02 0.000000000000000000e+00
-5.420000000000000000e+02 0.000000000000000000e+00
-5.400000000000000000e+02 0.000000000000000000e+00
-5.380000000000000000e+02 0.000000000000000000e+00
-5.360000000000000000e+02 0.000000000000000000e+00
-5.340000000000000000e+02 0.000000000000000000e+00
-5.320000000000000000e+02 0.000000000000000000e+00
-5.300000000000000000e+02 0.000000000000000000e+00
-5.280000000000000000e+02 0.000000000000000000e+00
-5.260000000000000000e+02 0.000000000000000000e+00
-5.240000000000000000e+02 0.000000000000000000e+00
-5.220000000000000000e+02 0.000000000000000000e+00
-5.200000000000000000e+02 0.000000000000000000e+00
-5.180000000000000000e+02 0.000000000000000000e+00
-5.160000000000000000e+02 0.000000000000000000e+00
-5.140000000000000000e+02 0.000000000000000000e+00
-5.120000000000000000e+02 0.000000000000000000e+00
-5.100000000000000000e+02 0.000000000000000000e+00
-5.080000000000000000e+02 0.000000000000000000e+00
-5.060000000000000000e+02 0.000000000000000000e+00
-5.040000000000000000e+02 0.000000000000000000e+00
-5.020000000000000000e+02 0.000000000000000000e+00
-5.000000000000000000e+02 0.000000000000000000e+00
-4.980000000000000000e+02 0.000000000000000000e+00
-4.960000000000000000e+02 0.000000000000000000e+00
-4.940000000000000000e+02 0.000000000000000000e+00
-4.920000000000000000e+02 0.000000000000000000e+00
-4.900000000000000000e+02 0.000000000000000000e+00
-4.880000000000000000e+02 0.000000000000000000e+00
-4.860000000000000000e+02 0.000000000000000000e+00
-4.840000000000000000e+02 0.000000000000000000e+00
-4.820000000000000000e+02 0.000000000000000000e+00
-4.800000000000000000e+02 0.000000000000000000e+00
-4.780000000000000000e+02 0.000000000000000000e+00
-4.760000000000000000e+02 0.000000000000000000e+00
-4.740000000000000000e+02 0.000000000000000000e+00
-4.720000000000000000e+02 0.000000000000000000e+00
-4.700000000000000000e+02 0.000000000000000000e+00
-4.680000000000000000e+02 0.000000000000000000e+00
-4.660000000000000000e+02 0.000000000000000000e+00
-4.640000000000000000e+02 0.000000000000000000e+00
-4.620000000000000000e+02 0.000000000000000000e+00
-4.600000000000000000e+02 0.000000000000000000e+00
-4.580000000000000000e+02 0.000000000000000000e+00
-4.560000000000000000e+02 0.000000000000000000e+00
-4.540000000000000000e+02 0.000000000000000000e+00
-4.520000000000000000e+02 0.000000000000000000e+00
-4.500000000000000000e+02 0.000000000000000000e+00
-4.480000000000000000e+02 0.000000000000000000e+00
-4.460000000000000000e+02 0.000000000000000000e+00
-4.440000000000000000e+02 0.000000000000000000e+00
-4.420000000000000000e+02 0.000000000000000000e+00
-4.400000000000000000e+02 0.000000000000000000e+00
-4.380000000000000000e+02 0.000000000000000000e+00
-4.360000000000000000e+02 0.000000000000000000e+00
-4.340000000000000000e+02 0.000000000000000000e+00
-4.320000000000000000e+02 0.000000000000000000e+00
-4.300000000000000000e+02 0.000000000000000000e+00
-4.280000000000000000e+02 0.000000000000000000e+00
-4.260000000000000000e+02 0.000000000000000000e+00
-4.240000000000000000e+02 0.000000000000000000e+00
-4.220000000000000000e+02 0.000000000000000000e+00
-4.200000000000000000e+02 0.000000000000000000e+00
-4.180000000000000000e+02 0.000000000000000000e+00
-4.160000000000000000e+02 0.000000000000000000e+00
-4.140000000000000000e+02 0.000000000000000000e+00
-4.120000000000000000e+02 0.000000000000000000e+00
-4.100000000000000000e+02 0.000000000000000000e+00
-4.080000000000000000e+02 0.000000000000000000e+00
-4.060000000000000000e+02 0.000000000000000000e+00
-4.040000000000000000e+02 0.000000000000000000e+00
-4.020000000000000000e+02 0.000000000000000000e+00
-4.000000000000000000e+02 0.000000000000000000e+00
-3.980000000000000000e+02 0.000000000000000000e+00
-3.960000000000000000e+02 0.000000000000000000e+00
-3.940000000000000000e+02 0.000000000000000000e+00
-3.920000000000000000e+02 0.000000000000000000e+00
-3.900000000000000000e+02 0.000000000000000000e+00
-3.880000000000000000e+02 0.000000000000000000e+00
-3.860000000000000000e+02 9.523253929157164066e+00
-3.840000000000000000e+02 7.128518264607259880e+01
-3.820000000000000000e+02 9.762807745090954370e+01
-3.800000000000000000e+02 9.362692902541712670e+01
-3.780000000000000000e+02 8.070550574257748622e+01
-3.760000000000000000e+02 7.061400894861888844e+01
-3.740000000000000000e+02 6.339661363430028729e+01
-3.720000000000000000e+02 5.803047531398777181e+01
-3.700000000000000000e+02 5.393864271665837151e+01
-3.680000000000000000e+02 5.046946470216821723e+01
-3.660000000000000000e+02 4.771168690645323096e+01
-3.640000000000000000e+02 4.543168499546874273e+01
-3.620000000000000000e+02 4.328006647863193024e+01
-3.600000000000000000e+02 4.170780971449504193e+01
-3.580000000000000000e+02 4.003236059809532321e+01
-3.560000000000000000e+02 3.876404164296219790e+01
-3.540000000000000000e+02 3.747822774260648515e+01
-3.520000000000000000e+02 3.644664956051862958e+01
-3.500000000000000000e+02 3.535905984871749297e+01
-3.480000000000000000e+02 3.442008613073224410e+01
-3.460000000000000000e+02 3.361469091222395633e+01
-3.440000000000000000e+02 3.292496078203645737e+01
-3.420000000000000000e+02 3.222147799497329856e+01
-3.400000000000000000e+02 3.147138858403128836e+01
-3.380000000000000000e+02 3.083958363799654023e+01
-3.360000000000000000e+02 3.031116382079739324e+01
-3.340000000000000000e+02 2.986215513301535651e+01
-3.320000000000000000e+02 2.923035123433928817e+01
-3.300000000000000000e+02 2.886704104117166736e+01
-3.280000000000000000e+02 2.826164626883848996e+01
-3.260000000000000000e+02 2.804720666885927116e+01
-3.240000000000000000e+02 2.747307713181633915e+01
-3.220000000000000000e+02 2.721776167040168204e+01
-3.200000000000000000e+02 2.671864120950436572e+01
-3.180000000000000000e+02 2.642310376780311643e+01
-3.160000000000000000e+02 2.624523444961449670e+01
-3.140000000000000000e+02 2.585834332110610490e+01
-3.120000000000000000e+02 2.553457639595291084e+01
-3.100000000000000000e+02 2.518269574182962245e+01
-3.080000000000000000e+02 2.508232862470044822e+01
-3.060000000000000000e+02 2.463117386456266900e+01
-3.040000000000000000e+02 2.455375122168131341e+01
-3.020000000000000000e+02 2.445760769479436547e+01
-3.000000000000000000e+02 2.385870415884195239e+01
-2.980000000000000000e+02 2.376594191763403074e+01
-2.960000000000000000e+02 2.361208594759114021e+01
-2.940000000000000000e+02 2.351812378974405249e+01
-2.920000000000000000e+02 2.319352852673553045e+01
-2.900000000000000000e+02 2.302987366710605599e+01
-2.880000000000000000e+02 2.282883526826039500e+01
-2.860000000000000000e+02 2.277889433862996782e+01
-2.840000000000000000e+02 2.242395517931466742e+01
-2.820000000000000000e+02 2.239222352564606311e+01
-2.800000000000000000e+02 2.223865527560017696e+01
-2.780000000000000000e+02 2.203832626268592065e+01
-2.760000000000000000e+02 2.193451712681568466e+01
-2.740000000000000000e+02 2.177943341897013951e+01
-2.720000000000000000e+02 2.165172270869259563e+01
-2.700000000000000000e+02 2.160424695265976069e+01
-2.680000000000000000e+02 2.138970241650492810e+01
-2.660000000000000000e+02 2.125093325183274473e+01
-2.640000000000000000e+02 2.117354372810068952e+01
-2.620000000000000000e+02 2.119163635530993872e+01
-2.600000000000000000e+02 2.079536707049533106e+01
-2.580000000000000000e+02 2.089034034584824795e+01
-2.560000000000000000e+02 2.080668385087508554e+01
-2.540000000000000000e+02 2.066001889944387315e+01
-2.520000000000000000e+02 2.043032038570796516e+01
-2.500000000000000000e+02 2.051731308249966190e+01
-2.480000000000000000e+02 2.048192136518002116e+01
-2.460000000000000000e+02 2.021769122890343695e+01
-2.440000000000000000e+02 2.030560000589230540e+01
-2.420000000000000000e+02 2.018638831678023848e+01
-2.400000000000000000e+02 1.995512685415230436e+01
-2.380000000000000000e+02 2.008488552807990501e+01
-2.360000000000000000e+02 1.990108050310917776e+01
-2.340000000000000000e+02 1.987922202976895392e+01
-2.320000000000000000e+02 1.972486854696288106e+01
-2.300000000000000000e+02 1.978954690524636462e+01
-2.280000000000000000e+02 1.964646907505969864e+01
-2.260000000000000000e+02 1.968801839726668490e+01
-2.240000000000000000e+02 1.954763566344367476e+01
-2.220000000000000000e+02 1.953232162887690038e+01
-2.200000000000000000e+02 1.935008959038810517e+01
-2.180000000000000000e+02 1.936472445986381175e+01
-2.160000000000000000e+02 1.939742283156292046e+01
-2.140000000000000000e+02 1.934815161641732573e+01
-2.120000000000000000e+02 1.926118369448486689e+01
-2.100000000000000000e+02 1.916611124401248034e+01
-2.080000000000000000e+02 1.897753365725348829e+01
-2.060000000000000000e+02 1.938473678055717286e+01
-2.040000000000000000e+02 1.893466194877654729e+01
-2.020000000000000000e+02 1.909708769886807289e+01
-2.000000000000000000e+02 1.898258738445100136e+01
-1.980000000000000000e+02 1.863125775280836649e+01
-1.960000000000000000e+02 1.928867941128734387e+01
-1.940000000000000000e+02 1.901723024761967906e+01
-1.920000000000000000e+02 1.892683321032992083e+01
-1.900000000000000000e+02 1.892692135806431963e+01
-1.880000000000000000e+02 1.882991358655704772e+01
-1.860000000000000000e+02 1.882768258599605460e+01
-1.840000000000000000e+02 1.878803301430822259e+01
-1.820000000000000000e+02 1.878867000885098903e+01
-1.800000000000000000e+02 1.871801107165473965e+01
-1.780000000000000000e+02 1.878189870562914621e+01
-1.760000000000000000e+02 1.874781650762577101e+01
-1.740000000000000000e+02 1.867455624677112880e+01
-1.720000000000000000e+02 1.873158177961947857e+01
-1.700000000000000000e+02 1.868303004527002642e+01
-1.680000000000000000e+02 1.864592767771775428e+01
-1.660000000000000000e+02 1.872963380973780900e+01
-1.640000000000000000e+02 1.871121827594604525e+01
-1.620000000000000000e+02 1.858108950408975346e+01
-1.600000000000000000e+02 1.866303369326785599e+01
-1.580000000000000000e+02 1.860644140117653578e+01
-1.560000000000000000e+02 1.870690455153564358e+01
-1.540000000000000000e+02 1.870502996080963598e+01
-1.520000000000000000e+02 1.854658085909891341e+01
-1.500000000000000000e+02 1.866603901695663836e+01
-1.480000000000000000e+02 1.866538218108492941e+01
-1.460000000000000000e+02 1.859247085994892146e+01
-1.440000000000000000e+02 1.873734794126688996e+01
-1.420000000000000000e+02 1.870630535169530972e+01
-1.400000000000000000e+02 1.859149445694637492e+01
-1.380000000000000000e+02 1.890005416666888749e+01
-1.360000000000000000e+02 1.852038447742409133e+01
-1.340000000000000000e+02 1.874048741607803947e+01
-1.320000000000000000e+02 1.871342152604545817e+01
-1.300000000000000000e+02 1.869112207914777457e+01
-1.280000000000000000e+02 1.875400224484925715e+01
-1.260000000000000000e+02 1.877485958667152488e+01
-1.240000000000000000e+02 1.880639418208263081e+01
-1.220000000000000000e+02 1.876979220248890812e+01
-1.200000000000000000e+02 1.891509448373487956e+01
-1.180000000000000000e+02 1.881764052333000947e+01
-1.160000000000000000e+02 1.882770551500100709e+01
-1.140000000000000000e+02 1.897038425117756333e+01
-1.120000000000000000e+02 1.889557332608440632e+01
-1.100000000000000000e+02 1.894445275636967452e+01
-1.080000000000000000e+02 1.903915371812495749e+01
-1.060000000000000000e+02 1.893564024562337167e+01
-1.040000000000000000e+02 1.908279665326001151e+01
-1.020000000000000000e+02 1.909441397914716276e+01
-1.000000000000000000e+02 1.906818211865748580e+01
-9.800000000000000000e+01 1.919168173387597065e+01
-9.600000000000000000e+01 1.916687719033321002e+01
-9.400000000000000000e+01 1.930055627270473906e+01
-9.200000000000000000e+01 1.923365026943563194e+01
-9.000000000000000000e+01 1.930162307071148220e+01
-8.800000000000000000e+01 1.937495610333968798e+01
-8.600000000000000000e+01 1.946621708388599004e+01
-8.400000000000000000e+01 1.945444519365189251e+01
-8.200000000000000000e+01 1.946895664201610643e+01
-8.000000000000000000e+01 1.955454095202914289e+01
-7.800000000000000000e+01 1.968824569375353306e+01
-7.600000000000000000e+01 1.967579620682021613e+01
-7.400000000000000000e+01 1.965914110679311833e+01
-7.200000000000000000e+01 1.986334077506054641e+01
-7.000000000000000000e+01 1.980695067957812938e+01
-6.800000000000000000e+01 1.989130308462125285e+01
-6.600000000000000000e+01 1.998647302357314004e+01
-6.400000000000000000e+01 1.996933702031453350e+01
-6.200000000000000000e+01 2.011122357541704986e+01
-6.000000000000000000e+01 2.028768794564719968e+01
-5.800000000000000000e+01 2.017890142011628640e+01
-5.600000000000000000e+01 2.028442390223512248e+01
-5.400000000000000000e+01 2.046051500273967960e+01
-5.200000000000000000e+01 2.047953538751527347e+01
-5.000000000000000000e+01 2.056769760884190035e+01
-4.800000000000000000e+01 2.064849891987615749e+01
-4.600000000000000000e+01 2.069988596784440205e+01
-4.400000000000000000e+01 2.085952019627158549e+01
-4.200000000000000000e+01 2.092286039841718548e+01
-4.000000000000000000e+01 2.100067541468589738e+01
-3.800000000000000000e+01 2.108788610076526737e+01
-3.600000000000000000e+01 2.123216393018096682e+01
-3.400000000000000000e+01 2.126146201239217604e+01
-3.200000000000000000e+01 2.143001387098512467e+01
-3.000000000000000000e+01 2.158081275562638979e+01
-2.800000000000000000e+01 2.155216195874121254e+01
-2.600000000000000000e+01 2.178115127059125200e+01
-2.400000000000000000e+01 2.187014779806396447e+01
-2.200000000000000000e+01 2.191387732543848088e+01
-2.000000000000000000e+01 2.217487128618505920e+01
-1.800000000000000000e+01 2.222488176988734310e+01
-1.600000000000000000e+01 2.239114186611553947e+01
-1.400000000000000000e+01 2.252354259446655504e+01
-1.200000000000000000e+01 2.269059014580380662e+01
-1.000000000000000000e+01 2.273663122702603800e+01
-8.000000000000000000e+00 2.297393550919516869e+01
-6.000000000000000000e+00 2.311037855548994102e+01
-4.000000000000000000e+00 2.321400265797604945e+01
-2.000000000000000000e+00 2.346777921745696815e+01
0.000000000000000000e+00 2.362101052745191154e+01
2.000000000000000000e+00 2.383062761015801811e+01
4.000000000000000000e+00 2.388512643822218706e+01
6.000000000000000000e+00 2.418750074871545763e+01
8.000000000000000000e+00 2.446095993807381319e+01
1.000000000000000000e+01 2.462168892634470652e+01
1.200000000000000000e+01 2.482525043890047911e+01
1.400000000000000000e+01 2.505568123121713597e+01
1.600000000000000000e+01 2.525562176707020257e+01
1.800000000000000000e+01 2.549668248929859971e+01
2.000000000000000000e+01 2.568811687091885787e+01
2.200000000000000000e+01 2.600720680243377814e+01
2.400000000000000000e+01 2.621539804459960266e+01
2.600000000000000000e+01 2.648376209479306809e+01
2.800000000000000000e+01 2.683076802895126534e+01
3.000000000000000000e+01 2.710832543925793559e+01
3.200000000000000000e+01 2.725697786997777783e+01
3.400000000000000000e+01 2.763870210624670065e+01
3.600000000000000000e+01 2.800741169017884147e+01
3.800000000000000000e+01 2.827458594446979134e+01
4.000000000000000000e+01 2.860345788769482311e+01
4.200000000000000000e+01 2.901082561399925552e+01
4.400000000000000000e+01 2.924362545518507162e+01
4.600000000000000000e+01 2.976914261820718011e+01
4.800000000000000000e+01 3.010963582450209941e+01
5.000000000000000000e+01 3.045942824648313874e+01
5.200000000000000000e+01 3.092185764979043583e+01
5.400000000000000000e+01 3.142012431961682140e+01
5.600000000000000000e+01 3.178669107098480850e+01
5.800000000000000000e+01 3.225942754412349700e+01
6.000000000000000000e+01 3.281445672192105434e+01
6.200000000000000000e+01 3.333940372405891850e+01
6.400000000000000000e+01 3.386696592066029865e+01
6.600000000000000000e+01 3.443669917944173875e+01
6.800000000000000000e+01 3.506551517335476831e+01
7.000000000000000000e+01 3.571678644120342483e+01
7.200000000000000000e+01 3.630921733351569003e+01
7.400000000000000000e+01 3.704163222608084283e+01
7.600000000000000000e+01 3.783104507897606084e+01
7.800000000000000000e+01 3.862737994669908659e+01
8.000000000000000000e+01 3.935178371382463069e+01
8.200000000000000000e+01 4.028151313090882724e+01
8.400000000000000000e+01 4.106657682502432039e+01
8.600000000000000000e+01 4.230148436032907711e+01
8.800000000000000000e+01 4.317561384576387695e+01
9.000000000000000000e+01 4.432345674088776377e+01
9.200000000000000000e+01 4.566334674169672780e+01
9.400000000000000000e+01 4.681455248846778261e+01
9.600000000000000000e+01 4.828886386485259408e+01
9.800000000000000000e+01 4.977697504077445956e+01
1.000000000000000000e+02 5.131939456789354637e+01
1.020000000000000000e+02 5.307464498016269516e+01
1.040000000000000000e+02 5.517367559049915826e+01
1.060000000000000000e+02 5.719265876579671470e+01
1.080000000000000000e+02 5.945949802345904800e+01
1.100000000000000000e+02 6.219404140028778727e+01
1.120000000000000000e+02 6.480370704967553763e+01
1.140000000000000000e+02 6.832477318631636365e+01
1.160000000000000000e+02 7.209524482551024960e+01
1.180000000000000000e+02 7.605703954146042634e+01
1.200000000000000000e+02 8.088376420964857516e+01
1.220000000000000000e+02 8.660056790776376090e+01
1.240000000000000000e+02 9.331600971310750481e+01
1.260000000000000000e+02 1.012228375873255288e+02
1.280000000000000000e+02 1.112067015080903332e+02
1.300000000000000000e+02 1.237958889169546666e+02
1.320000000000000000e+02 1.406029413003501816e+02
1.340000000000000000e+02 1.632257414960268136e+02
1.360000000000000000e+02 1.970501969898742516e+02
1.380000000000000000e+02 2.531434537135174594e+02
1.400000000000000000e+02 3.658463359740422902e+02
1.420000000000000000e+02 5.885801366464921784e+02
1.440000000000000000e+02 1.764931598970712514e+02
1.460000000000000000e+02 0.000000000000000000e+00
1.480000000000000000e+02 0.000000000000000000e+00
1.500000000000000000e+02 0.000000000000000000e+00
1.520000000000000000e+02 0.000000000000000000e+00
1.540000000000000000e+02 0.000000000000000000e+00
1.560000000000000000e+02 0.000000000000000000e+00
1.580000000000000000e+02 0.000000000000000000e+00
1.600000000000000000e+02 0.000000000000000000e+00
1.620000000000000000e+02 0.000000000000000000e+00
1.640000000000000000e+02 0.000000000000000000e+00
1.660000000000000000e+02 0.000000000000000000e+00
1.680000000000000000e+02 0.000000000000000000e+00
1.700000000000000000e+02 0.000000000000000000e+00
1.720000000000000000e+02 0.000000000000000000e+00
1.740000000000000000e+02 0.000000000000000000e+00
1.760000000000000000e+02 0.000000000000000000e+00
1.780000000000000000e+02 0.000000000000000000e+00
1.800000000000000000e+02 0.000000000000000000e+00
1.820000000000000000e+02 0.000000000000000000e+00
1.840000000000000000e+02 0.000000000000000000e+00
1.860000000000000000e+02 0.000000000000000000e+00
1.880000000000000000e+02 0.000000000000000000e+00
1.900000000000000000e+02 0.000000000000000000e+00
1.920000000000000000e+02 0.000000000000000000e+00
1.940000000000000000e+02 0.000000000000000000e+00
1.960000000000000000e+02 0.000000000000000000e+00
1.980000000000000000e+02 0.000000000000000000e+00
2.000000000000000000e+02 0.000000000000000000e+00
2.020000000000000000e+02 0.000000000000000000e+00
2.040000000000000000e+02 0.000000000000000000e+00
2.060000000000000000e+02 0.000000000000000000e+00
2.080000000000000000e+02 0.000000000000000000e+00
2.100000000000000000e+02 0.000000000000000000e+00
2.120000000000000000e+02 0.000000000000000000e+00
2.140000000000000000e+02 0.000000000000000000e+00
2.160000000000000000e+02 0.000000000000000000e+00
2.180000000000000000e+02 0.000000000000000000e+00
2.200000000000000000e+02 0.000000000000000000e+00
2.220000000000000000e+02 0.000000000000000000e+00
2.240000000000000000e+02 0.000000000000000000e+00
2.260000000000000000e+02 0.000000000000000000e+00
2.280000000000000000e+02 0.000000000000000000e+00
2.300000000000000000e+02 0.000000000000000000e+00
2.320000000000000000e+02 0.000000000000000000e+00
2.340000000000000000e+02 0.000000000000000000e+00
2.360000000000000000e+02 0.000000000000000000e+00
2.380000000000000000e+02 0.000000000000000000e+00
2.400000000000000000e+02 0.000000000000000000e+00
2.420000000000000000e+02 0.000000000000000000e+00
2.440000000000000000e+02 0.000000000000000000e+00
2.460000000000000000e+02 0.000000000000000000e+00
2.480000000000000000e+02 0.000000000000000000e+00
2.500000000000000000e+02 0.000000000000000000e+00
2.520000000000000000e+02 0.000000000000000000e+00
2.540000000000000000e+02 0.000000000000000000e+00
2.560000000000000000e+02 0.000000000000000000e+00
2.580000000000000000e+02 0.000000000000000000e+00
2.600000000000000000e+02 0.000000000000000000e+00
2.620000000000000000e+02 0.000000000000000000e+00
2.640000000000000000e+02 0.000000000000000000e+00
2.660000000000000000e+02 0.000000000000000000e+00
2.680000000000000000e+02 0.000000000000000000e+00
2.700000000000000000e+02 0.000000000000000000e+00
2.720000000000000000e+02 0.000000000000000000e+00
2.740000000000000000e+02 0.000000000000000000e+00
2.760000000000000000e+02 0.000000000000000000e+00
2.780000000000000000e+02 0.000000000000000000e+00
2.800000000000000000e+02 0.000000000000000000e+00
2.820000000000000000e+02 0.000000000000000000e+00
2.840000000000000000e+02 0.000000000000000000e+00
2.860000000000000000e+02 0.000000000000000000e+00
2.880000000000000000e+02 0.000000000000000000e+00
2.900000000000000000e+02 0.000000000000000000e+00
2.920000000000000000e+02 0.000000000000000000e+00
2.940000000000000000e+02 0.000000000000000000e+00
2.960000000000000000e+02 0.000000000000000000e+00
2.980000000000000000e+02 0.000000000000000000e+00
3.000000000000000000e+02 0.000000000000000000e+00
3.020000000000000000e+02 0.000000000000000000e+00
3.040000000000000000e+02 0.000000000000000000e+00
3.060000000000000000e+02 0.000000000000000000e+00
3.080000000000000000e+02 0.000000000000000000e+00
3.100000000000000000e+02 0.000000000000000000e+00
3.120000000000000000e+02 0.000000000000000000e+00
3.140000000000000000e+02 0.000000000000000000e+00
3.160000000000000000e+02 0.000000000000000000e+00
3.180000000000000000e+02 0.000000000000000000e+00
3.200000000000000000e+02 0.000000000000000000e+00
3.220000000000000000e+02 0.000000000000000000e+00
3.240000000000000000e+02 0.000000000000000000e+00
3.260000000000000000e+02 0.000000000000000000e+00
3.280000000000000000e+02 0.000000000000000000e+00
3.300000000000000000e+02 0.000000000000000000e+00
3.320000000000000000e+02 0.000000000000000000e+00
3.340000000000000000e+02 0.000000000000000000e+00
3.360000000000000000e+02 0.000000000000000000e+00
3.380000000000000000e+02 0.000000000000000000e+00
3.400000000000000000e+02 0.000000000000000000e+00
3.420000000000000000e+02 0.000000000000000000e+00
3.440000000000000000e+02 0.000000000000000000e+00
3.460000000000000000e+02 0.000000000000000000e+00
3.480000000000000000e+02 0.000000000000000000e+00
3.500000000000000000e+02 0.000000000000000000e+00
3.520000000000000000e+02 0.000000000000000000e+00
3.540000000000000000e+02 0.000000000000000000e+00
3.560000000000000000e+02 0.000000000000000000e+00
3.580000000000000000e+02 0.000000000000000000e+00
3.600000000000000000e+02 0.000000000000000000e+00
3.620000000000000000e+02 0.000000000000000000e+00
3.640000000000000000e+02 0.000000000000000000e+00
3.660000000000000000e+02 0.000000000000000000e+00
3.680000000000000000e+02 0.000000000000000000e+00
3.700000000000000000e+02 0.000000000000000000e+00
3.720000000000000000e+02 0.000000000000000000e+00
3.740000000000000000e+02 0.000000000000000000e+00
3.760000000000000000e+02 0.000000000000000000e+00
3.780000000000000000e+02 0.000000000000000000e+00
3.800000000000000000e+02 0.000000000000000000e+00
3.820000000000000000e+02 0.000000000000000000e+00
3.840000000000000000e+02 0.000000000000000000e+00
3.860000000000000000e+02 0.000000000000000000e+00
3.880000000000000000e+02 0.000000000000000000e+00
3.900000000000000000e+02 0.000000000000000000e+00
3.920000000000000000e+02 0.000000000000000000e+00
3.940000000000000000e+02 0.000000000000000000e+00
3.960000000000000000e+02 0.000000000000000000e+00
3.980000000000000000e+02 0.000000000000000000e+00
4.000000000000000000e+02 0.000000000000000000e+00
4.020000000000000000e+02 0.000000000000000000e+00
4.040000000000000000e+02 0.000000000000000000e+00
4.060000000000000000e+02 0.000000000000000000e+00
4.080000000000000000e+02 0.000000000000000000e+00
4.100000000000000000e+02 0.000000000000000000e+00
4.120000000000000000e+02 0.000000000000000000e+00
4.140000000000000000e+02 0.000000000000000000e+00
4.160000000000000000e+02 0.000000000000000000e+00
4.180000000000000000e+02 0.000000000000000000e+00
4.200000000000000000e+02 0.000000000000000000e+00
4.220000000000000000e+02 0.000000000000000000e+00
4.240000000000000000e+02 0.000000000000000000e+00
4.260000000000000000e+02 0.000000000000000000e+00
4.280000000000000000e+02 0.000000000000000000e+00
4.300000000000000000e+02 0.000000000000000000e+00
4.320000000000000000e+02 0.000000000000000000e+00
4.340000000000000000e+02 0.000000000000000000e+00
4.360000000000000000e+02 0.000000000000000000e+00
4.380000000000000000e+02 0.000000000000000000e+00
4.400000000000000000e+02 0.000000000000000000e+00
4.420000000000000000e+02 0.000000000000000000e+00
4.440000000000000000e+02 0.000000000000000000e+00
4.460000000000000000e+02 0.000000000000000000e+00
4.480000000000000000e+02 0.000000000000000000e+00
4.500000000000000000e+02 0.000000000000000000e+00
4.520000000000000000e+02 0.000000000000000000e+00
4.540000000000000000e+02 0.000000000000000000e+00
4.560000000000000000e+02 0.000000000000000000e+00
4.580000000000000000e+02 0.000000000000000000e+00
4.600000000000000000e+02 0.000000000000000000e+00
4.620000000000000000e+02 0.000000000000000000e+00
4.640000000000000000e+02 0.000000000000000000e+00
4.660000000000000000e+02 0.000000000000000000e+00
4.680000000000000000e+02 0.000000000000000000e+00
4.700000000000000000e+02 0.000000000000000000e+00
4.720000000000000000e+02 0.000000000000000000e+00
4.740000000000000000e+02 0.000000000000000000e+00
4.760000000000000000e+02 0.000000000000000000e+00
4.780000000000000000e+02 0.000000000000000000e+00
4.800000000000000000e+02 0.000000000000000000e+00
4.820000000000000000e+02 0.000000000000000000e+00
4.840000000000000000e+02 0.000000000000000000e+00
4.860000000000000000e+02 0.000000000000000000e+00
4.880000000000000000e+02 0.000000000000000000e+00
4.900000000000000000e+02 0.000000000000000000e+00
4.920000000000000000e+02 0.000000000000000000e+00
4.940000000000000000e+02 0.000000000000000000e+00
4.960000000000000000e+02 0.000000000000000000e+00
4.980000000000000000e+02 0.000000000000000000e+00
5.000000000000000000e+02 0.000000000000000000e+00
5.020000000000000000e+02 0.000000000000000000e+00
5.040000000000000000e+02 0.000000000000000000e+00
5.060000000000000000e+02 0.000000000000000000e+00
5.080000000000000000e+02 0.000000000000000000e+00
5.100000000000000000e+02 0.000000000000000000e+00
5.120000000000000000e+02 0.000000000000000000e+00
5.140000000000000000e+02 0.000000000000000000e+00
5.160000000000000000e+02 0.000000000000000000e+00
5.180000000000000000e+02 0.000000000000000000e+00
5.200000000000000000e+02 0.000000000000000000e+00
5.220000000000000000e+02 0.000000000000000000e+00
5.240000000000000000e+02 0.000000000000000000e+00
5.260000000000000000e+02 0.000000000000000000e+00
5.280000000000000000e+02 0.000000000000000000e+00
5.300000000000000000e+02 0.000000000000000000e+00
5.320000000000000000e+02 0.000000000000000000e+00
5.340000000000000000e+02 0.000000000000000000e+00
5.360000000000000000e+02 0.000000000000000000e+00
5.380000000000000000e+02 0.000000000000000000e+00
5.400000000000000000e+02 0.000000000000000000e+00
5.420000000000000000e+02 0.000000000000000000e+00
5.440000000000000000e+02 0.000000000000000000e+00
5.460000000000000000e+02 0.000000000000000000e+00
5.480000000000000000e+02 0.000000000000000000e+00
5.500000000000000000e+02 0.000000000000000000e+00
5.520000000000000000e+02 0.000000000000000000e+00
5.540000000000000000e+02 0.000000000000000000e+00
5.560000000000000000e+02 0.000000000000000000e+00
5.580000000000000000e+02 0.000000000000000000e+00
5.600000000000000000e+02 0.000000000000000000e+00
5.620000000000000000e+02 0.000000000000000000e+00
5.640000000000000000e+02 0.000000000000000000e+00
5.660000000000000000e+02 0.000000000000000000e+00
5.680000000000000000e+02 0.000000000000000000e+00
5.700000000000000000e+02 0.000000000000000000e+00
5.720000000000000000e+02 0.000000000000000000e+00
5.740000000000000000e+02 0.000000000000000000e+00
5.760000000000000000e+02 0.000000000000000000e+00
5.780000000000000000e+02 0.000000000000000000e+00
5.800000000000000000e+02 0.000000000000000000e+00
5.820000000000000000e+02 0.000000000000000000e+00
5.840000000000000000e+02 0.000000000000000000e+00
5.860000000000000000e+02 0.000000000000000000e+00
5.880000000000000000e+02 0.000000000000000000e+00
5.900000000000000000e+02 0.000000000000000000e+00
5.920000000000000000e+02 0.000000000000000000e+00
5.940000000000000000e+02 0.000000000000000000e+00
5.960000000000000000e+02 0.000000000000000000e+00
5.980000000000000000e+02 0.000000000000000000e+00
6.000000000000000000e+02 0.000000000000000000e+00
6.020000000000000000e+02 0.000000000000000000e+00
6.040000000000000000e+02 0.000000000000000000e+00
6.060000000000000000e+02 0.000000000000000000e+00
6.080000000000000000e+02 0.000000000000000000e+00
6.100000000000000000e+02 0.000000000000000000e+00
6.120000000000000000e+02 0.000000000000000000e+00
6.140000000000000000e+02 0.000000000000000000e+00
6.160000000000000000e+02 0.000000000000000000e+00
6.180000000000000000e+02 0.000000000000000000e+00
6.200000000000000000e+02 0.000000000000000000e+00
6.220000000000000000e+02 0.000000000000000000e+00
6.240000000000000000e+02 0.000000000000000000e+00
6.260000000000000000e+02 0.000000000000000000e+00
6.280000000000000000e+02 0.000000000000000000e+00
6.300000000000000000e+02 0.000000000000000000e+00
6.320000000000000000e+02 0.000000000000000000e+00
6.340000000000000000e+02 0.000000000000000000e+00
6.360000000000000000e+02 0.000000000000000000e+00
6.380000000000000000e+02 0.000000000000000000e+00
6.400000000000000000e+02 0.000000000000000000e+00
6.420000000000000000e+02 0.000000000000000000e+00
6.440000000000000000e+02 0.000000000000000000e+00
6.460000000000000000e+02 0.000000000000000000e+00
6.480000000000000000e+02 0.000000000000000000e+00
6.500000000000000000e+02 0.000000000000000000e+00
6.520000000000000000e+02 0.000000000000000000e+00
6.540000000000000000e+02 0.000000000000000000e+00
6.560000000000000000e+02 0.000000000000000000e+00
6.580000000000000000e+02 0.000000000000000000e+00
6.600000000000000000e+02 0.000000000000000000e+00
6.620000000000000000e+02 0.000000000000000000e+00
6.640000000000000000e+02 0.000000000000000000e+00
6.660000000000000000e+02 0.000000000000000000e+00
6.680000000000000000e+02 0.000000000000000000e+00
6.700000000000000000e+02 0.000000000000000000e+00
6.720000000000000000e+02 0.000000000000000000e+00
6.740000000000000000e+02 0.000000000000000000e+00
6.760000000000000000e+02 0.000000000000000000e+00
6.780000000000000000e+02 0.000000000000000000e+00
6.800000000000000000e+02 0.000000000000000000e+00
6.820000000000000000e+02 0.000000000000000000e+00
6.840000000000000000e+02 0.000000000000000000e+00
6.860000000000000000e+02 0.000000000000000000e+00
6.880000000000000000e+02 0.000000000000000000e+00
6.900000000000000000e+02 0.000000000000000000e+00
6.920000000000000000e+02 0.000000000000000000e+00
6.940000000000000000e+02 0.000000000000000000e+00
6.960000000000000000e+02 0.000000000000000000e+00
6.980000000000000000e+02 0.000000000000000000e+00
7.000000000000000000e+02 0.000000000000000000e+00
7.020000000000000000e+02 0.000000000000000000e+00
7.040000000000000000e+02 0.000000000000000000e+00
7.060000000000000000e+02 0.000000000000000000e+00
7.080000000000000000e+02 0.000000000000000000e+00
7.100000000000000000e+02 0.000000000000000000e+00
7.120000000000000000e+02 0.000000000000000000e+00
7.140000000000000000e+02 0.000000000000000000e+00
7.160000000000000000e+02 0.000000000000000000e+00
7.180000000000000000e+02 0.000000000000000000e+00
7.200000000000000000e+02 0.000000000000000000e+00
7.220000000000000000e+02 0.000000000000000000e+00
7.240000000000000000e+02 0.000000000000000000e+00
7.260000000000000000e+02 0.000000000000000000e+00
7.280000000000000000e+02 0.000000000000000000e+00
7.300000000000000000e+02 0.000000000000000000e+00
7.320000000000000000e+02 0.000000000000000000e+00
7.340000000000000000e+02 0.000000000000000000e+00
7.360000000000000000e+02 0.000000000000000000e+00
7.380000000000000000e+02 0.000000000000000000e+00
7.400000000000000000e+02 0.000000000000000000e+00
7.420000000000000000e+02 0.000000000000000000e+00
7.440000000000000000e+02 0.000000000000000000e+00
7.460000000000000000e+02 0.000000000000000000e+00
7.480000000000000000e+02 0.000000000000000000e+00
7.500000000000000000e+02 0.000000000000000000e+00
7.520000000000000000e+02 0.000000000000000000e+00
7.540000000000000000e+02 0.000000000000000000e+00
7.560000000000000000e+02 0.000000000000000000e+00
7.580000000000000000e+02 0.000000000000000000e+00
7.600000000000000000e+02 0.000000000000000000e+00
7.620000000000000000e+02 0.000000000000000000e+00
7.640000000000000000e+02 0.000000000000000000e+00
7.660000000000000000e+02 0.000000000000000000e+00
7.680000000000000000e+02 0.000000000000000000e+00
7.700000000000000000e+02 0.000000000000000000e+00
7.720000000000000000e+02 0.000000000000000000e+00
7.740000000000000000e+02 0.000000000000000000e+00
7.760000000000000000e+02 0.000000000000000000e+00
7.780000000000000000e+02 0.000000000000000000e+00
7.800000000000000000e+02 0.000000000000000000e+00
7.820000000000000000e+02 0.000000000000000000e+00
7.840000000000000000e+02 0.000000000000000000e+00
7.860000000000000000e+02 0.000000000000000000e+00
7.880000000000000000e+02 0.000000000000000000e+00
7.900000000000000000e+02 0.000000000000000000e+00
7.920000000000000000e+02 0.000000000000000000e+00
7.940000000000000000e+02 0.000000000000000000e+00
7.960000000000000000e+02 0.000000000000000000e+00
7.980000000000000000e+02 0.000000000000000000e+00
