-8.000000000000000000e+02 0.000000000000000000e+00
-7.980000000000000000e+02 0.000000000000000000e+00
-7.960000000000000000e+02 0.000000000000000000e+00
-7.940000000000000000e+02 0.000000000000000000e+00
-7.920000000000000000e+02 0.000000000000000000e+00
-7.900000000000000000e+02 0.000000000000000000e+00
-7.880000000000000000e+02 0.000000000000000000e+00
-7.860000000000000000e+02 0.000000000000000000e+00
-7.840000000000000000e+02 0.000000000000000000e+00
-7.820000000000000000e+02 0.000000000000000000e+00
-7.800000000000000000e+02 0.000000000000000000e+00
-7.780000000000000000e+02 0.000000000000000000e+00
-7.760000000000000000e+02 0.000000000000000000e+00
-7.740000000000000000e+02 0.000000000000000000e+00
-7.720000000000000000e+02 0.000000000000000000e+00
-7.700000000000000000e+02 0.000000000000000000e+00
-7.680000000000000000e+02 0.000000000000000000e+00
-7.660000000000000000e+02 0.000000000000000000e+00
-7.640000000000000000e+02 0.000000000000000000e+00
-7.620000000000000000e+02 0.000000000000000000e+00
-7.600000000000000000e+02 0.000000000000000000e+00
-7.580000000000000000e+02 0.000000000000000000e+00
-7.560000000000000000e+02 0.000000000000000000e+00
-7.540000000000000000e+02 0.000000000000000000e+00
-7.520000000000000000e+02 0.000000000000000000e+00
-7.500000000000000000e+02 0.000000000000000000e+00
-7.480000000000000000e+02 0.000000000000000000e+00
-7.460000000000000000e+02 0.000000000000000000e+00
-7.440000000000000000e+02 0.000000000000000000e+00
-7.420000000000000000e+02 0.000000000000000000e+00
-7.400000000000000000e+02 0.000000000000000000e+00
-7.380000000000000000e+02 0.000000000000000000e+00
-7.360000000000000000e+02 0.000000000000000000e+00
-7.340000000000000000e+02 0.000000000000000000e+00
-7.320000000000000000e+02 0.000000000000000000e+00
-7.300000000000000000e+02 0.000000000000000000e+00
-7.280000000000000000e+02 0.000000000000000000e+00
-7.260000000000000000e+02 0.000000000000000000e+00
-7.240000000000000000e+02 0.000000000000000000e+00
-7.220000000000000000e+02 0.000000000000000000e+00
-7.200000000000000000e+02 0.000000000000000000e+00
-7.180000000000000000e+02 0.000000000000000000e+00
-7.160000000000000000e+02 0.000000000000000000e+00
-7.140000000000000000e+02 0.000000000000000000e+00
-7.120000000000000000e+02 0.000000000000000000e+00
-7.100000000000000000e+02 0.000000000000000000e+00
-7.080000000000000000e+02 0.000000000000000000e+00
-7.060000000000000000e+02 0.000000000000000000e+00
-7.040000000000000000e+02 0.000000000000000000e+00
-7.020000000000000000e+02 0.000000000000000000e+00
-7.000000000000000000e+02 0.000000000000000000e+00
-6.980000000000000000e+02 0.000000000000000000e+00
-6.960000000000000000e+02 0.000000000000000000e+00
-6.940000000000000000e+02 0.000000000000000000e+00
-6.920000000000000000e+02 0.000000000000000000e+00
-6.900000000000000000e+02 0.000000000000000000e+00
-6.880000000000000000e+02 0.000000000000000000e+00
-6.860000000000000000e+02 0.000000000000000000e+00
-6.840000000000000000e+02 0.000000000000000000e+00
-6.820000000000000000e+02 0.000000000000000000e+00
-6.800000000000000000e+02 0.000000000000000000e+00
-6.780000000000000000e+02 0.000000000000000000e+00
-6.760000000000000000e+02 0.000000000000000000e+00
-6.740000000000000000e+02 0.000000000000000000e+00
-6.720000000000000000e+02 0.000000000000000000e+00
-6.700000000000000000e+02 0.000000000000000000e+00
-6.680000000000000000e+02 0.000000000000000000e+00
-6.660000000000000000e+02 0.000000000000000000e+00
-6.640000000000000000e+02 0.000000000000000000e+00
-6.620000000000000000e+02 0.000000000000000000e+00
-6.600000000000000000e+02 0.000000000000000000e+00
-6.580000000000000000e+02 0.000000000000000000e+00
-6.560000000000000000e+02 0.000000000000000000e+00
-6.540000000000000000e+02 0.000000000000000000e+00
-6.520000000000000000e+02 0.000000000000000000e+00
-6.500000000000000000e+02 0.000000000000000000e+00
-6.480000000000000000e+02 0.000000000000000000e+00
-6.460000000000000000e+02 0.000000000000000000e+00
-6.440000000000000000e+02 0.000000000000000000e+00
-6.420000000000000000e+02 0.000000000000000000e+00
-6.400000000000000000e+02 0.000000000000000000e+00
-6.380000000000000000e+02 0.000000000000000000e+00
-6.360000000000000000e+02 0.000000000000000000e+00
-6.340000000000000000e+02 0.000000000000000000e+00
-6.320000000000000000e+02 0.000000000000000000e+00
-6.300000000000000000e+02 0.000000000000000000e+00
-6.280000000000000000e+02 0.000000000000000000e+00
-6.260000000000000000e+02 0.000000000000000000e+00
-6.240000000000000000e+02 0.000000000000000000e+00
-6.220000000000000000e+02 0.000000000000000000e+00
-6.200000000000000000e+02 0.000000000000000000e+00
-6.180000000000000000e+02 0.000000000000000000e+00
-6.160000000000000000e+02 0.000000000000000000e+00
-6.140000000000000000e+02 0.000000000000000000e+00
-6.120000000000000000e+02 0.000000000000000000e+00
-6.100000000000000000e+02 0.000000000000000000e+00
-6.080000000000000000e+02 0.000000000000000000e+00
-6.060000000000000000e+02 0.000000000000000000e+00
-6.040000000000000000e+02 0.000000000000000000e+00
-6.020000000000000000e+02 0.000000000000000000e+00
-6.000000000000000000e+02 0.000000000000000000e+00
-5.980000000000000000e+02 0.000000000000000000e+00
-5.960000000000000000e+02 0.000000000000000000e+00
-5.940000000000000000e+02 0.000000000000000000e+00
-5.920000000000000000e+02 0.000000000000000000e+00
-5.900000000000000000e+02 0.000000000000000000e+00
-5.880000000000000000e+02 0.000000000000000000e+00
-5.860000000000000000e+02 0.000000000000000000e+00
-5.840000000000000000e+02 0.000000000000000000e+00
-5.820000000000000000e+02 0.000000000000000000e+00
-5.800000000000000000e+02 0.000000000000000000e+00
-5.780000000000000000e+02 0.000000000000000000e+00
-5.760000000000000000e+02 0.000000000000000000e+00
-5.740000000000000000e+02 0.000000000000000000e+00
-5.720000000000000000e+02 0.000000000000000000e+00
-5.700000000000000000e+02 0.000000000000000000e+00
-5.680000000000000000e+02 0.000000000000000000e+00
-5.660000000000000000e+02 0.000000000000000000e+00
-5.640000000000000000e+02 0.000000000000000000e+00
-5.620000000000000000e+02 0.000000000000000000e+00
-5.600000000000000000e+02 0.000000000000000000e+00
-5.580000000000000000e+02 0.000000000000000000e+00
-5.560000000000000000e+02 0.000000000000000000e+00
-5.540000000000000000e+02 0.000000000000000000e+00
-5.520000000000000000e+02 0.000000000000000000e+00
-5.500000000000000000e+02 0.000000000000000000e+00
-5.480000000000000000e+02 0.000000000000000000e+00
-5.460000000000000000e+02 0.000000000000000000e+00
-5.440000000000000000e+02 0.000000000000000000e+00
-5.420000000000000000e+02 0.000000000000000000e+00
-5.400000000000000000e+02 0.000000000000000000e+00
-5.380000000000000000e+02 0.000000000000000000e+00
-5.360000000000000000e+02 0.000000000000000000e+00
-5.340000000000000000e+02 0.000000000000000000e+00
-5.320000000000000000e+02 0.000000000000000000e+00
-5.300000000000000000e+02 0.000000000000000000e+00
-5.280000000000000000e+02 0.000000000000000000e+00
-5.260000000000000000e+02 0.000000000000000000e+00
-5.240000000000000000e+02 0.000000000000000000e+00
-5.220000000000000000e+02 0.000000000000000000e+00
-5.200000000000000000e+02 0.000000000000000000e+00
-5.180000000000000000e+02 0.000000000000000000e+00
-5.160000000000000000e+02 0.000000000000000000e+00
-5.140000000000000000e+02 0.000000000000000000e+00
-5.120000000000000000e+02 0.000000000000000000e+00
-5.100000000000000000e+02 0.000000000000000000e+00
-5.080000000000000000e+02 0.000000000000000000e+00
-5.060000000000000000e+02 0.000000000000000000e+00
-5.040000000000000000e+02 0.000000000000000000e+00
-5.020000000000000000e+02 0.000000000000000000e+00
-5.000000000000000000e+02 0.000000000000000000e+00
-4.980000000000000000e+02 0.000000000000000000e+00
-4.960000000000000000e+02 0.000000000000000000e+00
-4.940000000000000000e+02 0.000000000000000000e+00
-4.920000000000000000e+02 0.000000000000000000e+00
-4.900000000000000000e+02 0.000000000000000000e+00
-4.880000000000000000e+02 0.000000000000000000e+00
-4.860000000000000000e+02 0.000000000000000000e+00
-4.840000000000000000e+02 0.000000000000000000e+00
-4.820000000000000000e+02 0.000000000000000000e+00
-4.800000000000000000e+02 0.000000000000000000e+00
-4.780000000000000000e+02 0.000000000000000000e+00
-4.760000000000000000e+02 0.000000000000000000e+00
-4.740000000000000000e+02 0.000000000000000000e+00
-4.720000000000000000e+02 0.000000000000000000e+00
-4.700000000000000000e+02 0.000000000000000000e+00
-4.680000000000000000e+02 0.000000000000000000e+00
-4.660000000000000000e+02 0.000000000000000000e+00
-4.640000000000000000e+02 0.000000000000000000e+00
-4.620000000000000000e+02 0.000000000000000000e+00
-4.600000000000000000e+02 0.000000000000000000e+00
-4.580000000000000000e+02 0.000000000000000000e+00
-4.560000000000000000e+02 0.000000000000000000e+00
-4.540000000000000000e+02 0.000000000000000000e+00
-4.520000000000000000e+02 0.000000000000000000e+00
-4.500000000000000000e+02 0.000000000000000000e+00
-4.480000000000000000e+02 0.000000000000000000e+00
-4.460000000000000000e+02 0.000000000000000000e+00
-4.440000000000000000e+02 0.000000000000000000e+00
-4.420000000000000000e+02 0.000000000000000000e+00
-4.400000000000000000e+02 0.000000000000000000e+00
-4.380000000000000000e+02 0.000000000000000000e+00
-4.360000000000000000e+02 0.000000000000000000e+00
-4.340000000000000000e+02 0.000000000000000000e+00
-4.320000000000000000e+02 0.000000000000000000e+00
-4.300000000000000000e+02 0.000000000000000000e+00
-4.280000000000000000e+02 0.000000000000000000e+00
-4.260000000000000000e+02 0.000000000000000000e+00
-4.240000000000000000e+02 0.000000000000000000e+00
-4.220000000000000000e+02 0.000000000000000000e+00
-4.200000000000000000e+02 0.000000000000000000e+00
-4.180000000000000000e+02 0.000000000000000000e+00
-4.160000000000000000e+02 0.000000000000000000e+00
-4.140000000000000000e+02 0.000000000000000000e+00
-4.120000000000000000e+02 0.000000000000000000e+00
-4.100000000000000000e+02 0.000000000000000000e+00
-4.080000000000000000e+02 0.000000000000000000e+00
-4.060000000000000000e+02 0.000000000000000000e+00
-4.040000000000000000e+02 0.000000000000000000e+00
-4.020000000000000000e+02 0.000000000000000000e+00
-4.000000000000000000e+02 0.000000000000000000e+00
-3.980000000000000000e+02 0.000000000000000000e+00
-3.960000000000000000e+02 0.000000000000000000e+00
-3.940000000000000000e+02 0.000000000000000000e+00
-3.920000000000000000e+02 0.000000000000000000e+00
-3.900000000000000000e+02 0.000000000000000000e+00
-3.880000000000000000e+02 0.000000000000000000e+00
-3.860000000000000000e+02 0.000000000000000000e+00
-3.840000000000000000e+02 0.000000000000000000e+00
-3.820000000000000000e+02 0.000000000000000000e+00
-3.800000000000000000e+02 0.000000000000000000e+00
-3.780000000000000000e+02 0.000000000000000000e+00
-3.760000000000000000e+02 0.000000000000000000e+00
-3.740000000000000000e+02 0.000000000000000000e+00
-3.720000000000000000e+02 0.000000000000000000e+00
-3.700000000000000000e+02 0.000000000000000000e+00
-3.680000000000000000e+02 0.000000000000000000e+00
-3.660000000000000000e+02 0.000000000000000000e+00
-3.640000000000000000e+02 0.000000000000000000e+00
-3.620000000000000000e+02 0.000000000000000000e+00
-3.600000000000000000e+02 0.000000000000000000e+00
-3.580000000000000000e+02 0.000000000000000000e+00
-3.560000000000000000e+02 0.000000000000000000e+00
-3.540000000000000000e+02 0.000000000000000000e+00
-3.520000000000000000e+02 0.000000000000000000e+00
-3.500000000000000000e+02 0.000000000000000000e+00
-3.480000000000000000e+02 0.000000000000000000e+00
-3.460000000000000000e+02 0.000000000000000000e+00
-3.440000000000000000e+02 0.000000000000000000e+00
-3.420000000000000000e+02 0.000000000000000000e+00
-3.400000000000000000e+02 0.000000000000000000e+00
-3.380000000000000000e+02 0.000000000000000000e+00
-3.360000000000000000e+02 0.000000000000000000e+00
-3.340000000000000000e+02 0.000000000000000000e+00
-3.320000000000000000e+02 0.000000000000000000e+00
-3.300000000000000000e+02 0.000000000000000000e+00
-3.280000000000000000e+02 0.000000000000000000e+00
-3.260000000000000000e+02 0.000000000000000000e+00
-3.240000000000000000e+02 0.000000000000000000e+00
-3.220000000000000000e+02 0.000000000000000000e+00
-3.200000000000000000e+02 0.000000000000000000e+00
-3.180000000000000000e+02 0.000000000000000000e+00
-3.160000000000000000e+02 0.000000000000000000e+00
-3.140000000000000000e+02 0.000000000000000000e+00
-3.120000000000000000e+02 0.000000000000000000e+00
-3.100000000000000000e+02 0.000000000000000000e+00
-3.080000000000000000e+02 0.000000000000000000e+00
-3.060000000000000000e+02 0.000000000000000000e+00
-3.040000000000000000e+02 0.000000000000000000e+00
-3.020000000000000000e+02 0.000000000000000000e+00
-3.000000000000000000e+02 0.000000000000000000e+00
-2.980000000000000000e+02 0.000000000000000000e+00
-2.960000000000000000e+02 0.000000000000000000e+00
-2.940000000000000000e+02 0.000000000000000000e+00
-2.920000000000000000e+02 0.000000000000000000e+00
-2.900000000000000000e+02 0.000000000000000000e+00
-2.880000000000000000e+02 0.000000000000000000e+00
-2.860000000000000000e+02 0.000000000000000000e+00
-2.840000000000000000e+02 0.000000000000000000e+00
-2.820000000000000000e+02 0.000000000000000000e+00
-2.800000000000000000e+02 0.000000000000000000e+00
-2.780000000000000000e+02 0.000000000000000000e+00
-2.760000000000000000e+02 0.000000000000000000e+00
-2.740000000000000000e+02 0.000000000000000000e+00
-2.720000000000000000e+02 0.000000000000000000e+00
-2.700000000000000000e+02 0.000000000000000000e+00
-2.680000000000000000e+02 0.000000000000000000e+00
-2.660000000000000000e+02 0.000000000000000000e+00
-2.640000000000000000e+02 0.000000000000000000e+00
-2.620000000000000000e+02 0.000000000000000000e+00
-2.600000000000000000e+02 0.000000000000000000e+00
-2.580000000000000000e+02 0.000000000000000000e+00
-2.560000000000000000e+02 0.000000000000000000e+00
-2.540000000000000000e+02 0.000000000000000000e+00
-2.520000000000000000e+02 0.000000000000000000e+00
-2.500000000000000000e+02 0.000000000000000000e+00
-2.480000000000000000e+02 0.000000000000000000e+00
-2.460000000000000000e+02 0.000000000000000000e+00
-2.440000000000000000e+02 0.000000000000000000e+00
-2.420000000000000000e+02 0.000000000000000000e+00
-2.400000000000000000e+02 0.000000000000000000e+00
-2.380000000000000000e+02 0.000000000000000000e+00
-2.360000000000000000e+02 0.000000000000000000e+00
-2.340000000000000000e+02 0.000000000000000000e+00
-2.320000000000000000e+02 0.000000000000000000e+00
-2.300000000000000000e+02 0.000000000000000000e+00
-2.280000000000000000e+02 0.000000000000000000e+00
-2.260000000000000000e+02 0.000000000000000000e+00
-2.240000000000000000e+02 0.000000000000000000e+00
-2.220000000000000000e+02 4.242059882906840329e+00
-2.200000000000000000e+02 1.432040340223609007e+02
-2.180000000000000000e+02 1.721736306024578198e+02
-2.160000000000000000e+02 1.354147417957186974e+02
-2.140000000000000000e+02 1.123151908543939328e+02
-2.120000000000000000e+02 9.805553677676937241e+01
-2.100000000000000000e+02 8.805067045231808720e+01
-2.080000000000000000e+02 8.101863720558267801e+01
-2.060000000000000000e+02 7.537548063573039769e+01
-2.040000000000000000e+02 7.083816292117016644e+01
-2.020000000000000000e+02 6.704264122281496441e+01
-2.000000000000000000e+02 6.385050426249378575e+01
-1.980000000000000000e+02 6.132294452970675991e+01
-1.960000000000000000e+02 5.875780460554535978e+01
-1.940000000000000000e+02 5.680149783225851934e+01
-1.920000000000000000e+02 5.492678619722531153e+01
-1.900000000000000000e+02 5.325178268100611234e+01
-1.880000000000000000e+02 5.183200355387138103e+01
-1.860000000000000000e+02 5.034913218174331462e+01
-1.840000000000000000e+02 4.937025503072805321e+01
-1.820000000000000000e+02 4.806474253400584473e+01
-1.800000000000000000e+02 4.712819088610719831e+01
-1.780000000000000000e+02 4.637493792343086341e+01
-1.760000000000000000e+02 4.501221984741683002e+01
-1.740000000000000000e+02 4.448853131240601755e+01
-1.720000000000000000e+02 4.368008061284145072e+01
-1.700000000000000000e+02 4.306389181810757805e+01
-1.680000000000000000e+02 4.226793778928770706e+01
-1.660000000000000000e+02 4.165501820887234175e+01
-1.640000000000000000e+02 4.118559635637870997e+01
-1.620000000000000000e+02 4.069875249182661037e+01
-1.600000000000000000e+02 3.994843535393999190e+01
-1.580000000000000000e+02 3.956847556275614863e+01
-1.560000000000000000e+02 3.912291187570831852e+01
-1.540000000000000000e+02 3.877624816260470197e+01
-1.520000000000000000e+02 3.826913210481336591e+01
-1.500000000000000000e+02 3.783968677999339292e+01
-1.480000000000000000e+02 3.753690693275146373e+01
-1.460000000000000000e+02 3.724697099544358991e+01
-1.440000000000000000e+02 3.686331304453961621e+01
-1.420000000000000000e+02 3.664480127073109372e+01
-1.400000000000000000e+02 3.616043906942065433e+01
-1.380000000000000000e+02 3.601693842760924014e+01
-1.360000000000000000e+02 3.562113116924830791e+01
-1.340000000000000000e+02 3.554549636287440961e+01
-1.320000000000000000e+02 3.520714524849572769e+01
-1.300000000000000000e+02 3.498215015999750932e+01
-1.280000000000000000e+02 3.475490097719861637e+01
-1.260000000000000000e+02 3.439328329776360249e+01
-1.240000000000000000e+02 3.426338182242039210e+01
-1.220000000000000000e+02 3.440361983334612006e+01
-1.200000000000000000e+02 3.391531040691901211e+01
-1.180000000000000000e+02 3.380663117576398236e+01
-1.160000000000000000e+02 3.365246515347578793e+01
-1.140000000000000000e+02 3.347700497553377375e+01
-1.120000000000000000e+02 3.338152630729972969e+01
-1.100000000000000000e+02 3.324598541098694682e+01
-1.080000000000000000e+02 3.301075510528776391e+01
-1.060000000000000000e+02 3.307839486929566419e+01
-1.040000000000000000e+02 3.277356924754013079e+01
-1.020000000000000000e+02 3.278399081301431295e+01
-1.000000000000000000e+02 3.265335843709949160e+01
-9.800000000000000000e+01 3.252117907369633087e+01
-9.600000000000000000e+01 3.246446167424882390e+01
-9.400000000000000000e+01 3.240124464432382467e+01
-9.200000000000000000e+01 3.226345177784624951e+01
-9.000000000000000000e+01 3.225349753153606258e+01
-8.800000000000000000e+01 3.206568741679771506e+01
-8.600000000000000000e+01 3.216123200796358361e+01
-8.400000000000000000e+01 3.207970845643911417e+01
-8.200000000000000000e+01 3.205397643131070140e+01
-8.000000000000000000e+01 3.196516706384950979e+01
-7.800000000000000000e+01 3.183929667284267850e+01
-7.600000000000000000e+01 3.192245234059355496e+01
-7.400000000000000000e+01 3.190748298490114365e+01
-7.200000000000000000e+01 3.179126794386900201e+01
-7.000000000000000000e+01 3.182555144470170205e+01
-6.800000000000000000e+01 3.184168596665561068e+01
-6.600000000000000000e+01 3.168336234091422909e+01
-6.400000000000000000e+01 3.174206342478732168e+01
-6.200000000000000000e+01 3.184057650348001189e+01
-6.000000000000000000e+01 3.175976032656074821e+01
-5.800000000000000000e+01 3.173474542656266095e+01
-5.600000000000000000e+01 3.184598130257589332e+01
-5.400000000000000000e+01 3.183633916113813456e+01
-5.200000000000000000e+01 3.184152277923835683e+01
-5.000000000000000000e+01 3.183039944627326179e+01
-4.800000000000000000e+01 3.195596384642662713e+01
-4.600000000000000000e+01 3.190330029002162249e+01
-4.400000000000000000e+01 3.196934355684065210e+01
-4.200000000000000000e+01 3.208226930459438364e+01
-4.000000000000000000e+01 3.208281343974825717e+01
-3.800000000000000000e+01 3.209921360667989632e+01
-3.600000000000000000e+01 3.220046388530162318e+01
-3.400000000000000000e+01 3.226909104593123345e+01
-3.200000000000000000e+01 3.236256579541261402e+01
-3.000000000000000000e+01 3.231707572785417426e+01
-2.800000000000000000e+01 3.257597035877869018e+01
-2.600000000000000000e+01 3.252420419791324946e+01
-2.400000000000000000e+01 3.266965202872854235e+01
-2.200000000000000000e+01 3.277905066101045151e+01
-2.000000000000000000e+01 3.283616149893757097e+01
-1.800000000000000000e+01 3.297829932235600836e+01
-1.600000000000000000e+01 3.307117537868816015e+01
-1.400000000000000000e+01 3.310718665515498316e+01
-1.200000000000000000e+01 3.338845051214384085e+01
-1.000000000000000000e+01 3.351120840327016737e+01
-8.000000000000000000e+00 3.356631972075344805e+01
-6.000000000000000000e+00 3.372766115493648442e+01
-4.000000000000000000e+00 3.388881992813195865e+01
-2.000000000000000000e+00 3.399519168355817555e+01
0.000000000000000000e+00 3.416178590476108923e+01
2.000000000000000000e+00 3.438262262959501214e+01
4.000000000000000000e+00 3.456377523895925918e+01
6.000000000000000000e+00 3.476888200974296694e+01
8.000000000000000000e+00 3.501530461239386227e+01
1.000000000000000000e+01 3.515179574431640930e+01
1.200000000000000000e+01 3.533455770385418049e+01
1.400000000000000000e+01 3.558325741321824864e+01
1.600000000000000000e+01 3.588736086702711958e+01
1.800000000000000000e+01 3.598378212758846928e+01
2.000000000000000000e+01 3.629447368282791331e+01
2.200000000000000000e+01 3.660505766468872935e+01
2.400000000000000000e+01 3.676470050535107248e+01
2.600000000000000000e+01 3.710925923754918188e+01
2.800000000000000000e+01 3.733292727513136100e+01
3.000000000000000000e+01 3.764419232664317150e+01
3.200000000000000000e+01 3.788182665137751570e+01
3.400000000000000000e+01 3.834502758772132580e+01
3.600000000000000000e+01 3.850049054817760208e+01
3.800000000000000000e+01 3.893397375118995996e+01
4.000000000000000000e+01 3.930881892450669568e+01
4.200000000000000000e+01 3.948656388636512560e+01
4.400000000000000000e+01 4.003315370218710711e+01
4.600000000000000000e+01 4.043392100412793155e+01
4.800000000000000000e+01 4.080948009050185021e+01
5.000000000000000000e+01 4.113071478986763196e+01
5.200000000000000000e+01 4.168255994529239672e+01
5.400000000000000000e+01 4.203433033496774840e+01
5.600000000000000000e+01 4.252284683523834019e+01
5.800000000000000000e+01 4.316078994854183293e+01
6.000000000000000000e+01 4.353503386266896769e+01
6.200000000000000000e+01 4.411098460174622460e+01
6.400000000000000000e+01 4.473106047750636804e+01
6.600000000000000000e+01 4.535013759640959563e+01
6.800000000000000000e+01 4.588469753567455456e+01
7.000000000000000000e+01 4.645341188038847946e+01
7.200000000000000000e+01 4.732950600525311557e+01
7.400000000000000000e+01 4.783076764736271969e+01
7.600000000000000000e+01 4.879175795552858830e+01
7.800000000000000000e+01 4.925019103015689836e+01
8.000000000000000000e+01 5.029413104854840810e+01
8.200000000000000000e+01 5.109713009817042462e+01
8.400000000000000000e+01 5.207437085041213010e+01
8.600000000000000000e+01 5.289388946993612706e+01
8.800000000000000000e+01 5.400516529961318213e+01
9.000000000000000000e+01 5.502352603162964328e+01
9.200000000000000000e+01 5.620298431119575611e+01
9.400000000000000000e+01 5.735844694859996196e+01
9.600000000000000000e+01 5.872933072516346442e+01
9.800000000000000000e+01 6.007935639005354034e+01
1.000000000000000000e+02 6.157087829307318572e+01
1.020000000000000000e+02 6.316297313100371724e+01
1.040000000000000000e+02 6.496058981203101723e+01
1.060000000000000000e+02 6.673766450250298021e+01
1.080000000000000000e+02 6.878261033250156231e+01
1.100000000000000000e+02 7.082526758737337502e+01
1.120000000000000000e+02 7.345929765193584160e+01
1.140000000000000000e+02 7.593469483586657987e+01
1.160000000000000000e+02 7.897673099183778334e+01
1.180000000000000000e+02 8.223104474237339900e+01
1.200000000000000000e+02 8.596089781879815916e+01
1.220000000000000000e+02 9.024265147594623215e+01
1.240000000000000000e+02 9.506992646409459269e+01
1.260000000000000000e+02 1.006920822499796913e+02
1.280000000000000000e+02 1.074764773584324615e+02
1.300000000000000000e+02 1.156770512294157243e+02
1.320000000000000000e+02 1.260809003884471480e+02
1.340000000000000000e+02 1.396279040562434375e+02
1.360000000000000000e+02 1.582149973257106410e+02
1.380000000000000000e+02 1.870694973406888835e+02
1.400000000000000000e+02 2.396414129569440945e+02
1.420000000000000000e+02 3.270571670449052704e+02
1.440000000000000000e+02 8.876447322780030902e+01
1.460000000000000000e+02 0.000000000000000000e+00
1.480000000000000000e+02 0.000000000000000000e+00
1.500000000000000000e+02 0.000000000000000000e+00
1.520000000000000000e+02 0.000000000000000000e+00
1.540000000000000000e+02 0.000000000000000000e+00
1.560000000000000000e+02 0.000000000000000000e+00
1.580000000000000000e+02 0.000000000000000000e+00
1.600000000000000000e+02 0.000000000000000000e+00
1.620000000000000000e+02 0.000000000000000000e+00
1.640000000000000000e+02 0.000000000000000000e+00
1.660000000000000000e+02 0.000000000000000000e+00
1.680000000000000000e+02 0.000000000000000000e+00
1.700000000000000000e+02 0.000000000000000000e+00
1.720000000000000000e+02 0.000000000000000000e+00
1.740000000000000000e+02 0.000000000000000000e+00
1.760000000000000000e+02 0.000000000000000000e+00
1.780000000000000000e+02 0.000000000000000000e+00
1.800000000000000000e+02 0.000000000000000000e+00
1.820000000000000000e+02 0.000000000000000000e+00
1.840000000000000000e+02 0.000000000000000000e+00
1.860000000000000000e+02 0.000000000000000000e+00
1.880000000000000000e+02 0.000000000000000000e+00
1.900000000000000000e+02 0.000000000000000000e+00
1.920000000000000000e+02 0.000000000000000000e+00
1.940000000000000000e+02 0.000000000000000000e+00
1.960000000000000000e+02 0.000000000000000000e+00
1.980000000000000000e+02 0.000000000000000000e+00
2.000000000000000000e+02 0.000000000000000000e+00
2.020000000000000000e+02 0.000000000000000000e+00
2.040000000000000000e+02 0.000000000000000000e+00
2.060000000000000000e+02 0.000000000000000000e+00
2.080000000000000000e+02 0.000000000000000000e+00
2.100000000000000000e+02 0.000000000000000000e+00
2.120000000000000000e+02 0.000000000000000000e+00
2.140000000000000000e+02 0.000000000000000000e+00
2.160000000000000000e+02 0.000000000000000000e+00
2.180000000000000000e+02 0.000000000000000000e+00
2.200000000000000000e+02 0.000000000000000000e+00
2.220000000000000000e+02 0.000000000000000000e+00
2.240000000000000000e+02 0.000000000000000000e+00
2.260000000000000000e+02 0.000000000000000000e+00
2.280000000000000000e+02 0.000000000000000000e+00
2.300000000000000000e+02 0.000000000000000000e+00
2.320000000000000000e+02 0.000000000000000000e+00
2.340000000000000000e+02 0.000000000000000000e+00
2.360000000000000000e+02 0.000000000000000000e+00
2.380000000000000000e+02 0.000000000000000000e+00
2.400000000000000000e+02 0.000000000000000000e+00
2.420000000000000000e+02 0.000000000000000000e+00
2.440000000000000000e+02 0.000000000000000000e+00
2.460000000000000000e+02 0.000000000000000000e+00
2.480000000000000000e+02 0.000000000000000000e+00
2.500000000000000000e+02 0.000000000000000000e+00
2.520000000000000000e+02 0.000000000000000000e+00
2.540000000000000000e+02 0.000000000000000000e+00
2.560000000000000000e+02 0.000000000000000000e+00
2.580000000000000000e+02 0.000000000000000000e+00
2.600000000000000000e+02 0.000000000000000000e+00
2.620000000000000000e+02 0.000000000000000000e+00
2.640000000000000000e+02 0.000000000000000000e+00
2.660000000000000000e+02 0.000000000000000000e+00
2.680000000000000000e+02 0.000000000000000000e+00
2.700000000000000000e+02 0.000000000000000000e+00
2.720000000000000000e+02 0.000000000000000000e+00
2.740000000000000000e+02 0.000000000000000000e+00
2.760000000000000000e+02 0.000000000000000000e+00
2.780000000000000000e+02 0.000000000000000000e+00
2.800000000000000000e+02 0.000000000000000000e+00
2.820000000000000000e+02 0.000000000000000000e+00
2.840000000000000000e+02 0.000000000000000000e+00
2.860000000000000000e+02 0.000000000000000000e+00
2.880000000000000000e+02 0.000000000000000000e+00
2.900000000000000000e+02 0.000000000000000000e+00
2.920000000000000000e+02 0.000000000000000000e+00
2.940000000000000000e+02 0.000000000000000000e+00
2.960000000000000000e+02 0.000000000000000000e+00
2.980000000000000000e+02 0.000000000000000000e+00
3.000000000000000000e+02 0.000000000000000000e+00
3.020000000000000000e+02 0.000000000000000000e+00
3.040000000000000000e+02 0.000000000000000000e+00
3.060000000000000000e+02 0.000000000000000000e+00
3.080000000000000000e+02 0.000000000000000000e+00
3.100000000000000000e+02 0.000000000000000000e+00
3.120000000000000000e+02 0.000000000000000000e+00
3.140000000000000000e+02 0.000000000000000000e+00
3.160000000000000000e+02 0.000000000000000000e+00
3.180000000000000000e+02 0.000000000000000000e+00
3.200000000000000000e+02 0.000000000000000000e+00
3.220000000000000000e+02 0.000000000000000000e+00
3.240000000000000000e+02 0.000000000000000000e+00
3.260000000000000000e+02 0.000000000000000000e+00
3.280000000000000000e+02 0.000000000000000000e+00
3.300000000000000000e+02 0.000000000000000000e+00
3.320000000000000000e+02 0.000000000000000000e+00
3.340000000000000000e+02 0.000000000000000000e+00
3.360000000000000000e+02 0.000000000000000000e+00
3.380000000000000000e+02 0.000000000000000000e+00
3.400000000000000000e+02 0.000000000000000000e+00
3.420000000000000000e+02 0.000000000000000000e+00
3.440000000000000000e+02 0.000000000000000000e+00
3.460000000000000000e+02 0.000000000000000000e+00
3.480000000000000000e+02 0.000000000000000000e+00
3.500000000000000000e+02 0.000000000000000000e+00
3.520000000000000000e+02 0.000000000000000000e+00
3.540000000000000000e+02 0.000000000000000000e+00
3.560000000000000000e+02 0.000000000000000000e+00
3.580000000000000000e+02 0.000000000000000000e+00
3.600000000000000000e+02 0.000000000000000000e+00
3.620000000000000000e+02 0.000000000000000000e+00
3.640000000000000000e+02 0.000000000000000000e+00
3.660000000000000000e+02 0.000000000000000000e+00
3.680000000000000000e+02 0.000000000000000000e+00
3.700000000000000000e+02 0.000000000000000000e+00
3.720000000000000000e+02 0.000000000000000000e+00
3.740000000000000000e+02 0.000000000000000000e+00
3.760000000000000000e+02 0.000000000000000000e+00
3.780000000000000000e+02 0.000000000000000000e+00
3.800000000000000000e+02 0.000000000000000000e+00
3.820000000000000000e+02 0.000000000000000000e+00
3.840000000000000000e+02 0.000000000000000000e+00
3.860000000000000000e+02 0.000000000000000000e+00
3.880000000000000000e+02 0.000000000000000000e+00
3.900000000000000000e+02 0.000000000000000000e+00
3.920000000000000000e+02 0.000000000000000000e+00
3.940000000000000000e+02 0.000000000000000000e+00
3.960000000000000000e+02 0.000000000000000000e+00
3.980000000000000000e+02 0.000000000000000000e+00
4.000000000000000000e+02 0.000000000000000000e+00
4.020000000000000000e+02 0.000000000000000000e+00
4.040000000000000000e+02 0.000000000000000000e+00
4.060000000000000000e+02 0.000000000000000000e+00
4.080000000000000000e+02 0.000000000000000000e+00
4.100000000000000000e+02 0.000000000000000000e+00
4.120000000000000000e+02 0.000000000000000000e+00
4.140000000000000000e+02 0.000000000000000000e+00
4.160000000000000000e+02 0.000000000000000000e+00
4.180000000000000000e+02 0.000000000000000000e+00
4.200000000000000000e+02 0.000000000000000000e+00
4.220000000000000000e+02 0.000000000000000000e+00
4.240000000000000000e+02 0.000000000000000000e+00
4.260000000000000000e+02 0.000000000000000000e+00
4.280000000000000000e+02 0.000000000000000000e+00
4.300000000000000000e+02 0.000000000000000000e+00
4.320000000000000000e+02 0.000000000000000000e+00
4.340000000000000000e+02 0.000000000000000000e+00
4.360000000000000000e+02 0.000000000000000000e+00
4.380000000000000000e+02 0.000000000000000000e+00
4.400000000000000000e+02 0.000000000000000000e+00
4.420000000000000000e+02 0.000000000000000000e+00
4.440000000000000000e+02 0.000000000000000000e+00
4.460000000000000000e+02 0.000000000000000000e+00
4.480000000000000000e+02 0.000000000000000000e+00
4.500000000000000000e+02 0.000000000000000000e+00
4.520000000000000000e+02 0.000000000000000000e+00
4.540000000000000000e+02 0.000000000000000000e+00
4.560000000000000000e+02 0.000000000000000000e+00
4.580000000000000000e+02 0.000000000000000000e+00
4.600000000000000000e+02 0.000000000000000000e+00
4.620000000000000000e+02 0.000000000000000000e+00
4.640000000000000000e+02 0.000000000000000000e+00
4.660000000000000000e+02 0.000000000000000000e+00
4.680000000000000000e+02 0.000000000000000000e+00
4.700000000000000000e+02 0.000000000000000000e+00
4.720000000000000000e+02 0.000000000000000000e+00
4.740000000000000000e+02 0.000000000000000000e+00
4.760000000000000000e+02 0.000000000000000000e+00
4.780000000000000000e+02 0.000000000000000000e+00
4.800000000000000000e+02 0.000000000000000000e+00
4.820000000000000000e+02 0.000000000000000000e+00
4.840000000000000000e+02 0.000000000000000000e+00
4.860000000000000000e+02 0.000000000000000000e+00
4.880000000000000000e+02 0.000000000000000000e+00
4.900000000000000000e+02 0.000000000000000000e+00
4.920000000000000000e+02 0.000000000000000000e+00
4.940000000000000000e+02 0.000000000000000000e+00
4.960000000000000000e+02 0.000000000000000000e+00
4.980000000000000000e+02 0.000000000000000000e+00
5.000000000000000000e+02 0.000000000000000000e+00
5.020000000000000000e+02 0.000000000000000000e+00
5.040000000000000000e+02 0.000000000000000000e+00
5.060000000000000000e+02 0.000000000000000000e+00
5.080000000000000000e+02 0.000000000000000000e+00
5.100000000000000000e+02 0.000000000000000000e+00
5.120000000000000000e+02 0.000000000000000000e+00
5.140000000000000000e+02 0.000000000000000000e+00
5.160000000000000000e+02 0.000000000000000000e+00
5.180000000000000000e+02 0.000000000000000000e+00
5.200000000000000000e+02 0.000000000000000000e+00
5.220000000000000000e+02 0.000000000000000000e+00
5.240000000000000000e+02 0.000000000000000000e+00
5.260000000000000000e+02 0.000000000000000000e+00
5.280000000000000000e+02 0.000000000000000000e+00
5.300000000000000000e+02 0.000000000000000000e+00
5.320000000000000000e+02 0.000000000000000000e+00
5.340000000000000000e+02 0.000000000000000000e+00
5.360000000000000000e+02 0.000000000000000000e+00
5.380000000000000000e+02 0.000000000000000000e+00
5.400000000000000000e+02 0.000000000000000000e+00
5.420000000000000000e+02 0.000000000000000000e+00
5.440000000000000000e+02 0.000000000000000000e+00
5.460000000000000000e+02 0.000000000000000000e+00
5.480000000000000000e+02 0.000000000000000000e+00
5.500000000000000000e+02 0.000000000000000000e+00
5.520000000000000000e+02 0.000000000000000000e+00
5.540000000000000000e+02 0.000000000000000000e+00
5.560000000000000000e+02 0.000000000000000000e+00
5.580000000000000000e+02 0.000000000000000000e+00
5.600000000000000000e+02 0.000000000000000000e+00
5.620000000000000000e+02 0.000000000000000000e+00
5.640000000000000000e+02 0.000000000000000000e+00
5.660000000000000000e+02 0.000000000000000000e+00
5.680000000000000000e+02 0.000000000000000000e+00
5.700000000000000000e+02 0.000000000000000000e+00
5.720000000000000000e+02 0.000000000000000000e+00
5.740000000000000000e+02 0.000000000000000000e+00
5.760000000000000000e+02 0.000000000000000000e+00
5.780000000000000000e+02 0.000000000000000000e+00
5.800000000000000000e+02 0.000000000000000000e+00
5.820000000000000000e+02 0.000000000000000000e+00
5.840000000000000000e+02 0.000000000000000000e+00
5.860000000000000000e+02 0.000000000000000000e+00
5.880000000000000000e+02 0.000000000000000000e+00
5.900000000000000000e+02 0.000000000000000000e+00
5.920000000000000000e+02 0.000000000000000000e+00
5.940000000000000000e+02 0.000000000000000000e+00
5.960000000000000000e+02 0.000000000000000000e+00
5.980000000000000000e+02 0.000000000000000000e+00
6.000000000000000000e+02 0.000000000000000000e+00
6.020000000000000000e+02 0.000000000000000000e+00
6.040000000000000000e+02 0.000000000000000000e+00
6.060000000000000000e+02 0.000000000000000000e+00
6.080000000000000000e+02 0.000000000000000000e+00
6.100000000000000000e+02 0.000000000000000000e+00
6.120000000000000000e+02 0.000000000000000000e+00
6.140000000000000000e+02 0.000000000000000000e+00
6.160000000000000000e+02 0.000000000000000000e+00
6.180000000000000000e+02 0.000000000000000000e+00
6.200000000000000000e+02 0.000000000000000000e+00
6.220000000000000000e+02 0.000000000000000000e+00
6.240000000000000000e+02 0.000000000000000000e+00
6.260000000000000000e+02 0.000000000000000000e+00
6.280000000000000000e+02 0.000000000000000000e+00
6.300000000000000000e+02 0.000000000000000000e+00
6.320000000000000000e+02 0.000000000000000000e+00
6.340000000000000000e+02 0.000000000000000000e+00
6.360000000000000000e+02 0.000000000000000000e+00
6.380000000000000000e+02 0.000000000000000000e+00
6.400000000000000000e+02 0.000000000000000000e+00
6.420000000000000000e+02 0.000000000000000000e+00
6.440000000000000000e+02 0.000000000000000000e+00
6.460000000000000000e+02 0.000000000000000000e+00
6.480000000000000000e+02 0.000000000000000000e+00
6.500000000000000000e+02 0.000000000000000000e+00
6.520000000000000000e+02 0.000000000000000000e+00
6.540000000000000000e+02 0.000000000000000000e+00
6.560000000000000000e+02 0.000000000000000000e+00
6.580000000000000000e+02 0.000000000000000000e+00
6.600000000000000000e+02 0.000000000000000000e+00
6.620000000000000000e+02 0.000000000000000000e+00
6.640000000000000000e+02 0.000000000000000000e+00
6.660000000000000000e+02 0.000000000000000000e+00
6.680000000000000000e+02 0.000000000000000000e+00
6.700000000000000000e+02 0.000000000000000000e+00
6.720000000000000000e+02 0.000000000000000000e+00
6.740000000000000000e+02 0.000000000000000000e+00
6.760000000000000000e+02 0.000000000000000000e+00
6.780000000000000000e+02 0.000000000000000000e+00
6.800000000000000000e+02 0.000000000000000000e+00
6.820000000000000000e+02 0.000000000000000000e+00
6.840000000000000000e+02 0.000000000000000000e+00
6.860000000000000000e+02 0.000000000000000000e+00
6.880000000000000000e+02 0.000000000000000000e+00
6.900000000000000000e+02 0.000000000000000000e+00
6.920000000000000000e+02 0.000000000000000000e+00
6.940000000000000000e+02 0.000000000000000000e+00
6.960000000000000000e+02 0.000000000000000000e+00
6.980000000000000000e+02 0.000000000000000000e+00
7.000000000000000000e+02 0.000000000000000000e+00
7.020000000000000000e+02 0.000000000000000000e+00
7.040000000000000000e+02 0.000000000000000000e+00
7.060000000000000000e+02 0.000000000000000000e+00
7.080000000000000000e+02 0.000000000000000000e+00
7.100000000000000000e+02 0.000000000000000000e+00
7.120000000000000000e+02 0.000000000000000000e+00
7.140000000000000000e+02 0.000000000000000000e+00
7.160000000000000000e+02 0.000000000000000000e+00
7.180000000000000000e+02 0.000000000000000000e+00
7.200000000000000000e+02 0.000000000000000000e+00
7.220000000000000000e+02 0.000000000000000000e+00
7.240000000000000000e+02 0.000000000000000000e+00
7.260000000000000000e+02 0.000000000000000000e+00
7.280000000000000000e+02 0.000000000000000000e+00
7.300000000000000000e+02 0.000000000000000000e+00
7.320000000000000000e+02 0.000000000000000000e+00
7.340000000000000000e+02 0.000000000000000000e+00
7.360000000000000000e+02 0.000000000000000000e+00
7.380000000000000000e+02 0.000000000000000000e+00
7.400000000000000000e+02 0.000000000000000000e+00
7.420000000000000000e+02 0.000000000000000000e+00
7.440000000000000000e+02 0.000000000000000000e+00
7.460000000000000000e+02 0.000000000000000000e+00
7.480000000000000000e+02 0.000000000000000000e+00
7.500000000000000000e+02 0.000000000000000000e+00
7.520000000000000000e+02 0.000000000000000000e+00
7.540000000000000000e+02 0.000000000000000000e+00
7.560000000000000000e+02 0.000000000000000000e+00
7.580000000000000000e+02 0.000000000000000000e+00
7.600000000000000000e+02 0.000000000000000000e+00
7.620000000000000000e+02 0.000000000000000000e+00
7.640000000000000000e+02 0.000000000000000000e+00
7.660000000000000000e+02 0.000000000000000000e+00
7.680000000000000000e+02 0.000000000000000000e+00
7.700000000000000000e+02 0.000000000000000000e+00
7.720000000000000000e+02 0.000000000000000000e+00
7.740000000000000000e+02 0.000000000000000000e+00
7.760000000000000000e+02 0.000000000000000000e+00
7.780000000000000000e+02 0.000000000000000000e+00
7.800000000000000000e+02 0.000000000000000000e+00
7.820000000000000000e+02 0.000000000000000000e+00
7.840000000000000000e+02 0.000000000000000000e+00
7.860000000000000000e+02 0.000000000000000000e+00
7.880000000000000000e+02 0.000000000000000000e+00
7.900000000000000000e+02 0.000000000000000000e+00
7.920000000000000000e+02 0.000000000000000000e+00
7.940000000000000000e+02 0.000000000000000000e+00
7.960000000000000000e+02 0.000000000000000000e+00
7.980000000000000000e+02 0.000000000000000000e+00
