-8.000000000000000000e+02 0.000000000000000000e+00
-7.980000000000000000e+02 0.000000000000000000e+00
-7.960000000000000000e+02 0.000000000000000000e+00
-7.940000000000000000e+02 0.000000000000000000e+00
-7.920000000000000000e+02 0.000000000000000000e+00
-7.900000000000000000e+02 0.000000000000000000e+00
-7.880000000000000000e+02 0.000000000000000000e+00
-7.860000000000000000e+02 0.000000000000000000e+00
-7.840000000000000000e+02 0.000000000000000000e+00
-7.820000000000000000e+02 0.000000000000000000e+00
-7.800000000000000000e+02 0.000000000000000000e+00
-7.780000000000000000e+02 0.000000000000000000e+00
-7.760000000000000000e+02 0.000000000000000000e+00
-7.740000000000000000e+02 0.000000000000000000e+00
-7.720000000000000000e+02 0.000000000000000000e+00
-7.700000000000000000e+02 0.000000000000000000e+00
-7.680000000000000000e+02 0.000000000000000000e+00
-7.660000000000000000e+02 0.000000000000000000e+00
-7.640000000000000000e+02 0.000000000000000000e+00
-7.620000000000000000e+02 0.000000000000000000e+00
-7.600000000000000000e+02 0.000000000000000000e+00
-7.580000000000000000e+02 0.000000000000000000e+00
-7.560000000000000000e+02 0.000000000000000000e+00
-7.540000000000000000e+02 0.000000000000000000e+00
-7.520000000000000000e+02 0.000000000000000000e+00
-7.500000000000000000e+02 0.000000000000000000e+00
-7.480000000000000000e+02 0.000000000000000000e+00
-7.460000000000000000e+02 0.000000000000000000e+00
-7.440000000000000000e+02 0.000000000000000000e+00
-7.420000000000000000e+02 0.000000000000000000e+00
-7.400000000000000000e+02 0.000000000000000000e+00
-7.380000000000000000e+02 0.000000000000000000e+00
-7.360000000000000000e+02 0.000000000000000000e+00
-7.340000000000000000e+02 0.000000000000000000e+00
-7.320000000000000000e+02 0.000000000000000000e+00
-7.300000000000000000e+02 0.000000000000000000e+00
-7.280000000000000000e+02 0.000000000000000000e+00
-7.260000000000000000e+02 0.000000000000000000e+00
-7.240000000000000000e+02 0.000000000000000000e+00
-7.220000000000000000e+02 0.000000000000000000e+00
-7.200000000000000000e+02 0.000000000000000000e+00
-7.180000000000000000e+02 0.000000000000000000e+00
-7.160000000000000000e+02 0.000000000000000000e+00
-7.140000000000000000e+02 0.000000000000000000e+00
-7.120000000000000000e+02 0.000000000000000000e+00
-7.100000000000000000e+02 0.000000000000000000e+00
-7.080000000000000000e+02 0.000000000000000000e+00
-7.060000000000000000e+02 0.000000000000000000e+00
-7.040000000000000000e+02 0.000000000000000000e+00
-7.020000000000000000e+02 0.000000000000000000e+00
-7.000000000000000000e+02 0.000000000000000000e+00
-6.980000000000000000e+02 0.000000000000000000e+00
-6.960000000000000000e+02 0.000000000000000000e+00
-6.940000000000000000e+02 0.000000000000000000e+00
-6.920000000000000000e+02 0.000000000000000000e+00
-6.900000000000000000e+02 0.000000000000000000e+00
-6.880000000000000000e+02 0.000000000000000000e+00
-6.860000000000000000e+02 0.000000000000000000e+00
-6.840000000000000000e+02 0.000000000000000000e+00
-6.820000000000000000e+02 0.000000000000000000e+00
-6.800000000000000000e+02 0.000000000000000000e+00
-6.780000000000000000e+02 0.000000000000000000e+00
-6.760000000000000000e+02 0.000000000000000000e+00
-6.740000000000000000e+02 0.000000000000000000e+00
-6.720000000000000000e+02 0.000000000000000000e+00
-6.700000000000000000e+02 0.000000000000000000e+00
-6.680000000000000000e+02 0.000000000000000000e+00
-6.660000000000000000e+02 0.000000000000000000e+00
-6.640000000000000000e+02 0.000000000000000000e+00
-6.620000000000000000e+02 0.000000000000000000e+00
-6.600000000000000000e+02 0.000000000000000000e+00
-6.580000000000000000e+02 0.000000000000000000e+00
-6.560000000000000000e+02 0.000000000000000000e+00
-6.540000000000000000e+02 0.000000000000000000e+00
-6.520000000000000000e+02 0.000000000000000000e+00
-6.500000000000000000e+02 0.000000000000000000e+00
-6.480000000000000000e+02 0.000000000000000000e+00
-6.460000000000000000e+02 0.000000000000000000e+00
-6.440000000000000000e+02 0.000000000000000000e+00
-6.420000000000000000e+02 0.000000000000000000e+00
-6.400000000000000000e+02 0.000000000000000000e+00
-6.380000000000000000e+02 0.000000000000000000e+00
-6.360000000000000000e+02 0.000000000000000000e+00
-6.340000000000000000e+02 0.000000000000000000e+00
-6.320000000000000000e+02 0.000000000000000000e+00
-6.300000000000000000e+02 0.000000000000000000e+00
-6.280000000000000000e+02 0.000000000000000000e+00
-6.260000000000000000e+02 0.000000000000000000e+00
-6.240000000000000000e+02 0.000000000000000000e+00
-6.220000000000000000e+02 0.000000000000000000e+00
-6.200000000000000000e+02 0.000000000000000000e+00
-6.180000000000000000e+02 0.000000000000000000e+00
-6.160000000000000000e+02 0.000000000000000000e+00
-6.140000000000000000e+02 0.000000000000000000e+00
-6.120000000000000000e+02 0.000000000000000000e+00
-6.100000000000000000e+02 0.000000000000000000e+00
-6.080000000000000000e+02 0.000000000000000000e+00
-6.060000000000000000e+02 0.000000000000000000e+00
-6.040000000000000000e+02 0.000000000000000000e+00
-6.020000000000000000e+02 0.000000000000000000e+00
-6.000000000000000000e+02 0.000000000000000000e+00
-5.980000000000000000e+02 0.000000000000000000e+00
-5.960000000000000000e+02 0.000000000000000000e+00
-5.940000000000000000e+02 0.000000000000000000e+00
-5.920000000000000000e+02 0.000000000000000000e+00
-5.900000000000000000e+02 0.000000000000000000e+00
-5.880000000000000000e+02 0.000000000000000000e+00
-5.860000000000000000e+02 0.000000000000000000e+00
-5.840000000000000000e+02 0.000000000000000000e+00
-5.820000000000000000e+02 0.000000000000000000e+00
-5.800000000000000000e+02 0.000000000000000000e+00
-5.780000000000000000e+02 0.000000000000000000e+00
-5.760000000000000000e+02 0.000000000000000000e+00
-5.740000000000000000e+02 0.000000000000000000e+00
-5.720000000000000000e+02 0.000000000000000000e+00
-5.700000000000000000e+02 0.000000000000000000e+00
-5.680000000000000000e+02 0.000000000000000000e+00
-5.660000000000000000e+02 0.000000000000000000e+00
-5.640000000000000000e+02 0.000000000000000000e+00
-5.620000000000000000e+02 0.000000000000000000e+00
-5.600000000000000000e+02 0.000000000000000000e+00
-5.580000000000000000e+02 0.000000000000000000e+00
-5.560000000000000000e+02 0.000000000000000000e+00
-5.540000000000000000e+02 0.000000000000000000e+00
-5.520000000000000000e+02 0.000000000000000000e+00
-5.500000000000000000e+02 0.000000000000000000e+00
-5.480000000000000000e+02 0.000000000000000000e+00
-5.460000000000000000e+02 0.000000000000000000e+00
-5.440000000000000000e+02 0.000000000000000000e+00
-5.420000000000000000e+02 0.000000000000000000e+00
-5.400000000000000000e+02 0.000000000000000000e+00
-5.380000000000000000e+02 0.000000000000000000e+00
-5.360000000000000000e+02 0.000000000000000000e+00
-5.340000000000000000e+02 0.000000000000000000e+00
-5.320000000000000000e+02 0.000000000000000000e+00
-5.300000000000000000e+02 0.000000000000000000e+00
-5.280000000000000000e+02 0.000000000000000000e+00
-5.260000000000000000e+02 0.000000000000000000e+00
-5.240000000000000000e+02 0.000000000000000000e+00
-5.220000000000000000e+02 0.000000000000000000e+00
-5.200000000000000000e+02 0.000000000000000000e+00
-5.180000000000000000e+02 0.000000000000000000e+00
-5.160000000000000000e+02 0.000000000000000000e+00
-5.140000000000000000e+02 0.000000000000000000e+00
-5.120000000000000000e+02 0.000000000000000000e+00
-5.100000000000000000e+02 0.000000000000000000e+00
-5.080000000000000000e+02 0.000000000000000000e+00
-5.060000000000000000e+02 0.000000000000000000e+00
-5.040000000000000000e+02 0.000000000000000000e+00
-5.020000000000000000e+02 0.000000000000000000e+00
-5.000000000000000000e+02 0.000000000000000000e+00
-4.980000000000000000e+02 0.000000000000000000e+00
-4.960000000000000000e+02 0.000000000000000000e+00
-4.940000000000000000e+02 0.000000000000000000e+00
-4.920000000000000000e+02 0.000000000000000000e+00
-4.900000000000000000e+02 0.000000000000000000e+00
-4.880000000000000000e+02 0.000000000000000000e+00
-4.860000000000000000e+02 0.000000000000000000e+00
-4.840000000000000000e+02 0.000000000000000000e+00
-4.820000000000000000e+02 0.000000000000000000e+00
-4.800000000000000000e+02 0.000000000000000000e+00
-4.780000000000000000e+02 0.000000000000000000e+00
-4.760000000000000000e+02 0.000000000000000000e+00
-4.740000000000000000e+02 0.000000000000000000e+00
-4.720000000000000000e+02 0.000000000000000000e+00
-4.700000000000000000e+02 0.000000000000000000e+00
-4.680000000000000000e+02 0.000000000000000000e+00
-4.660000000000000000e+02 0.000000000000000000e+00
-4.640000000000000000e+02 0.000000000000000000e+00
-4.620000000000000000e+02 0.000000000000000000e+00
-4.600000000000000000e+02 0.000000000000000000e+00
-4.580000000000000000e+02 0.000000000000000000e+00
-4.560000000000000000e+02 0.000000000000000000e+00
-4.540000000000000000e+02 9.014551195361571345e+00
-4.520000000000000000e+02 5.695648448354788940e+01
-4.500000000000000000e+02 7.992076689113240207e+01
-4.480000000000000000e+02 8.217252476787436422e+01
-4.460000000000000000e+02 7.353929355198593498e+01
-4.440000000000000000e+02 6.485572030620019746e+01
-4.420000000000000000e+02 5.825604937132035843e+01
-4.400000000000000000e+02 5.319772838580062313e+01
-4.380000000000000000e+02 4.934440181786634128e+01
-4.360000000000000000e+02 4.624415635073371789e+01
-4.340000000000000000e+02 4.364127203533513466e+01
-4.320000000000000000e+02 4.142218336109222321e+01
-4.300000000000000000e+02 3.956004021962765194e+01
-4.280000000000000000e+02 3.799133798768972525e+01
-4.260000000000000000e+02 3.649771420330997529e+01
-4.240000000000000000e+02 3.525984044160225039e+01
-4.220000000000000000e+02 3.413911769096624482e+01
-4.200000000000000000e+02 3.305981469301772080e+01
-4.180000000000000000e+02 3.223314935159936567e+01
-4.160000000000000000e+02 3.132000920060275462e+01
-4.140000000000000000e+02 3.059966791508054484e+01
-4.120000000000000000e+02 2.979198352137643724e+01
-4.100000000000000000e+02 2.929086696022078229e+01
-4.080000000000000000e+02 2.853284473989544523e+01
-4.060000000000000000e+02 2.805224969472912733e+01
-4.040000000000000000e+02 2.752755833622381942e+01
-4.020000000000000000e+02 2.693462736004859082e+01
-4.000000000000000000e+02 2.642048354885498185e+01
-3.980000000000000000e+02 2.611558876132311369e+01
-3.960000000000000000e+02 2.558078458566229685e+01
-3.940000000000000000e+02 2.527490225569524895e+01
-3.920000000000000000e+02 2.483528283460297459e+01
-3.900000000000000000e+02 2.452670258028000205e+01
-3.880000000000000000e+02 2.427674090550627639e+01
-3.860000000000000000e+02 2.378514458984688318e+01
-3.840000000000000000e+02 2.364543054415787182e+01
-3.820000000000000000e+02 2.333320386050619533e+01
-3.800000000000000000e+02 2.302245633221981080e+01
-3.780000000000000000e+02 2.269144766042473549e+01
-3.760000000000000000e+02 2.254619406208140120e+01
-3.740000000000000000e+02 2.223757212960623875e+01
-3.720000000000000000e+02 2.210864307479667090e+01
-3.700000000000000000e+02 2.177668311475200014e+01
-3.680000000000000000e+02 2.154353630272533238e+01
-3.660000000000000000e+02 2.149803856839195149e+01
-3.640000000000000000e+02 2.117693952707916694e+01
-3.620000000000000000e+02 2.102904838876927940e+01
-3.600000000000000000e+02 2.075549602278200467e+01
-3.580000000000000000e+02 2.072235284592564852e+01
-3.560000000000000000e+02 2.055086696789907208e+01
-3.540000000000000000e+02 2.044430427502278036e+01
-3.520000000000000000e+02 2.017755079462460799e+01
-3.500000000000000000e+02 1.983527350720831706e+01
-3.480000000000000000e+02 1.987755828481281384e+01
-3.460000000000000000e+02 1.973971960822516181e+01
-3.440000000000000000e+02 1.962210866611267690e+01
-3.420000000000000000e+02 1.940834613848963031e+01
-3.400000000000000000e+02 1.941173623485694932e+01
-3.380000000000000000e+02 1.919810653094099706e+01
-3.360000000000000000e+02 1.901476771165487278e+01
-3.340000000000000000e+02 1.903313143342449720e+01
-3.320000000000000000e+02 1.889641008638599118e+01
-3.300000000000000000e+02 1.871556302696245311e+01
-3.280000000000000000e+02 1.871902946112093602e+01
-3.260000000000000000e+02 1.850881548009176925e+01
-3.240000000000000000e+02 1.849982349052902819e+01
-3.220000000000000000e+02 1.833451606235530917e+01
-3.200000000000000000e+02 1.828509609147715054e+01
-3.180000000000000000e+02 1.819705714693619214e+01
-3.160000000000000000e+02 1.804006693002072481e+01
-3.140000000000000000e+02 1.799965688215605653e+01
-3.120000000000000000e+02 1.794873343992737347e+01
-3.100000000000000000e+02 1.772070473917641209e+01
-3.080000000000000000e+02 1.790022315543673770e+01
-3.060000000000000000e+02 1.759769406438506323e+01
-3.040000000000000000e+02 1.774610416709013805e+01
-3.020000000000000000e+02 1.748734715379720583e+01
-3.000000000000000000e+02 1.749551125933676232e+01
-2.980000000000000000e+02 1.736542794906711862e+01
-2.960000000000000000e+02 1.728151216821499503e+01
-2.940000000000000000e+02 1.741488525471258697e+01
-2.920000000000000000e+02 1.714044201002992196e+01
-2.900000000000000000e+02 1.715954598990773405e+01
-2.880000000000000000e+02 1.714183888334930828e+01
-2.860000000000000000e+02 1.695289057759112694e+01
-2.840000000000000000e+02 1.711859756734213178e+01
-2.820000000000000000e+02 1.680158560449945426e+01
-2.800000000000000000e+02 1.693753069530431432e+01
-2.780000000000000000e+02 1.693882804063749248e+01
-2.760000000000000000e+02 1.666794423508496692e+01
-2.740000000000000000e+02 1.686229584803452397e+01
-2.720000000000000000e+02 1.666030820224609599e+01
-2.700000000000000000e+02 1.665168492953876367e+01
-2.680000000000000000e+02 1.664537386386573203e+01
-2.660000000000000000e+02 1.666081448916895980e+01
-2.640000000000000000e+02 1.643676642985088066e+01
-2.620000000000000000e+02 1.654330829681930481e+01
-2.600000000000000000e+02 1.636607066307617941e+01
-2.580000000000000000e+02 1.653257302217311775e+01
-2.560000000000000000e+02 1.635968488667155540e+01
-2.540000000000000000e+02 1.633853926613807062e+01
-2.520000000000000000e+02 1.636321891240389803e+01
-2.500000000000000000e+02 1.633317123404198057e+01
-2.480000000000000000e+02 1.607437185847842898e+01
-2.460000000000000000e+02 1.630386291142412603e+01
-2.440000000000000000e+02 1.627566764901146712e+01
-2.420000000000000000e+02 1.621996053058042619e+01
-2.400000000000000000e+02 1.615128508000120533e+01
-2.380000000000000000e+02 1.606995932365962076e+01
-2.360000000000000000e+02 1.596154789501384563e+01
-2.340000000000000000e+02 1.639990470623740038e+01
-2.320000000000000000e+02 1.588353679636948712e+01
-2.300000000000000000e+02 1.611425123234143797e+01
-2.280000000000000000e+02 1.603107310492597648e+01
-2.260000000000000000e+02 1.599632147988358000e+01
-2.240000000000000000e+02 1.603748583925485960e+01
-2.220000000000000000e+02 1.590841026559235161e+01
-2.200000000000000000e+02 1.604258305432990284e+01
-2.180000000000000000e+02 1.594518883270588105e+01
-2.160000000000000000e+02 1.595817247559616803e+01
-2.140000000000000000e+02 1.585384802514210456e+01
-2.120000000000000000e+02 1.596638888249042765e+01
-2.100000000000000000e+02 1.587756132432952505e+01
-2.080000000000000000e+02 1.586470422524065782e+01
-2.060000000000000000e+02 1.590902798188010792e+01
-2.040000000000000000e+02 1.583058938698430396e+01
-2.020000000000000000e+02 1.592250726140780692e+01
-2.000000000000000000e+02 1.580934458555193167e+01
-1.980000000000000000e+02 1.585973553341809250e+01
-1.960000000000000000e+02 1.591670048257646286e+01
-1.940000000000000000e+02 1.583563712347311636e+01
-1.920000000000000000e+02 1.585266351155065578e+01
-1.900000000000000000e+02 1.581558491669056110e+01
-1.880000000000000000e+02 1.583885225985101819e+01
-1.860000000000000000e+02 1.588796298557404363e+01
-1.840000000000000000e+02 1.586255498328364588e+01
-1.820000000000000000e+02 1.587701299469695293e+01
-1.800000000000000000e+02 1.575339665747033457e+01
-1.780000000000000000e+02 1.589344565333651182e+01
-1.760000000000000000e+02 1.585404790292654198e+01
-1.740000000000000000e+02 1.587317529286842088e+01
-1.720000000000000000e+02 1.583483063558564297e+01
-1.700000000000000000e+02 1.590170260630485899e+01
-1.680000000000000000e+02 1.583393802183405619e+01
-1.660000000000000000e+02 1.598621150929668744e+01
-1.640000000000000000e+02 1.579951252356099722e+01
-1.620000000000000000e+02 1.596708347412114648e+01
-1.600000000000000000e+02 1.577727557042326012e+01
-1.580000000000000000e+02 1.605259407250444781e+01
-1.560000000000000000e+02 1.600218944226023510e+01
-1.540000000000000000e+02 1.587153289812018819e+01
-1.520000000000000000e+02 1.596197413955986555e+01
-1.500000000000000000e+02 1.608448947473060642e+01
-1.480000000000000000e+02 1.596723907061524272e+01
-1.460000000000000000e+02 1.604583885444126423e+01
-1.440000000000000000e+02 1.592754002409756531e+01
-1.420000000000000000e+02 1.610970039623757799e+01
-1.400000000000000000e+02 1.614033906961683584e+01
-1.380000000000000000e+02 1.608659255652208131e+01
-1.360000000000000000e+02 1.617877153720597860e+01
-1.340000000000000000e+02 1.610562245746832133e+01
-1.320000000000000000e+02 1.613191355663190407e+01
-1.300000000000000000e+02 1.620481497374872504e+01
-1.280000000000000000e+02 1.621706153014465457e+01
-1.260000000000000000e+02 1.632007006830146167e+01
-1.240000000000000000e+02 1.613067933478550486e+01
-1.220000000000000000e+02 1.647051317192184072e+01
-1.200000000000000000e+02 1.655204215863933115e+01
-1.180000000000000000e+02 1.609241571051984465e+01
-1.160000000000000000e+02 1.634557107285356281e+01
-1.140000000000000000e+02 1.645477842287661829e+01
-1.120000000000000000e+02 1.646709292702486138e+01
-1.100000000000000000e+02 1.650271670760463039e+01
-1.080000000000000000e+02 1.653707906134451022e+01
-1.060000000000000000e+02 1.653658518302794889e+01
-1.040000000000000000e+02 1.656952716863600727e+01
-1.020000000000000000e+02 1.670330991507220730e+01
-1.000000000000000000e+02 1.665791980269493067e+01
-9.800000000000000000e+01 1.668707238365576728e+01
-9.600000000000000000e+01 1.679102473376222449e+01
-9.400000000000000000e+01 1.683542477964833850e+01
-9.200000000000000000e+01 1.678621695155931448e+01
-9.000000000000000000e+01 1.698721498670667174e+01
-8.800000000000000000e+01 1.690460735161500239e+01
-8.600000000000000000e+01 1.702959860610006970e+01
-8.400000000000000000e+01 1.705630876905023641e+01
-8.200000000000000000e+01 1.705546986281759558e+01
-8.000000000000000000e+01 1.732550124392290769e+01
-7.800000000000000000e+01 1.706902120438329362e+01
-7.600000000000000000e+01 1.727249404080340156e+01
-7.400000000000000000e+01 1.726367170753672298e+01
-7.200000000000000000e+01 1.738112336062952323e+01
-7.000000000000000000e+01 1.752702954015929748e+01
-6.800000000000000000e+01 1.743174936446080636e+01
-6.600000000000000000e+01 1.757387702089932802e+01
-6.400000000000000000e+01 1.764114073328263288e+01
-6.200000000000000000e+01 1.769169736950525262e+01
-6.000000000000000000e+01 1.788751031743121089e+01
-5.800000000000000000e+01 1.776331356191007060e+01
-5.600000000000000000e+01 1.782355058470859532e+01
-5.400000000000000000e+01 1.803267330810622937e+01
-5.200000000000000000e+01 1.807947780936597582e+01
-5.000000000000000000e+01 1.811195832009217099e+01
-4.800000000000000000e+01 1.828732985902077601e+01
-4.600000000000000000e+01 1.823835396369504736e+01
-4.400000000000000000e+01 1.837591187054250241e+01
-4.200000000000000000e+01 1.845800384604447331e+01
-4.000000000000000000e+01 1.854766807468074319e+01
-3.800000000000000000e+01 1.865943895997836321e+01
-3.600000000000000000e+01 1.871187875821732760e+01
-3.400000000000000000e+01 1.890087404038276375e+01
-3.200000000000000000e+01 1.886224061893881654e+01
-3.000000000000000000e+01 1.902614200464551431e+01
-2.800000000000000000e+01 1.915564698888371709e+01
-2.600000000000000000e+01 1.924373034375778957e+01
-2.400000000000000000e+01 1.932898209425648162e+01
-2.200000000000000000e+01 1.943759253744694249e+01
-2.000000000000000000e+01 1.960696919074114319e+01
-1.800000000000000000e+01 1.966047430692522369e+01
-1.600000000000000000e+01 1.980753491408882283e+01
-1.400000000000000000e+01 1.997425909437486524e+01
-1.200000000000000000e+01 2.007388963768865153e+01
-1.000000000000000000e+01 2.017841242283165926e+01
-8.000000000000000000e+00 2.031586852099986018e+01
-6.000000000000000000e+00 2.049590302063913683e+01
-4.000000000000000000e+00 2.048259782280102215e+01
-2.000000000000000000e+00 2.085618947699737546e+01
0.000000000000000000e+00 2.103391401570292274e+01
2.000000000000000000e+00 2.088256766258847819e+01
4.000000000000000000e+00 2.129328276359141725e+01
6.000000000000000000e+00 2.153785768759008690e+01
8.000000000000000000e+00 2.160274985044645035e+01
1.000000000000000000e+01 2.174953727980836860e+01
1.200000000000000000e+01 2.204312978064236006e+01
1.400000000000000000e+01 2.222699917497478950e+01
1.600000000000000000e+01 2.242576407901075086e+01
1.800000000000000000e+01 2.260229319330848696e+01
2.000000000000000000e+01 2.284995099019350917e+01
2.200000000000000000e+01 2.298569351177497566e+01
2.400000000000000000e+01 2.331234520190725590e+01
2.600000000000000000e+01 2.349481798537004451e+01
2.800000000000000000e+01 2.373335660454100093e+01
3.000000000000000000e+01 2.398137980984586193e+01
3.200000000000000000e+01 2.425645044534940808e+01
3.400000000000000000e+01 2.451811486536383811e+01
3.600000000000000000e+01 2.476830428735464551e+01
3.800000000000000000e+01 2.511929213035466901e+01
4.000000000000000000e+01 2.540249156003651265e+01
4.200000000000000000e+01 2.559132296914176052e+01
4.400000000000000000e+01 2.601590710856886446e+01
4.600000000000000000e+01 2.635774702241617007e+01
4.800000000000000000e+01 2.662656856557263296e+01
5.000000000000000000e+01 2.704098440308419526e+01
5.200000000000000000e+01 2.731935113371685375e+01
5.400000000000000000e+01 2.782372392233197189e+01
5.600000000000000000e+01 2.817331843637551714e+01
5.800000000000000000e+01 2.860043517767606858e+01
6.000000000000000000e+01 2.905074933637733636e+01
6.200000000000000000e+01 2.954432611452551072e+01
6.400000000000000000e+01 2.991054732505666180e+01
6.600000000000000000e+01 3.043949402048499664e+01
6.800000000000000000e+01 3.097571822810075304e+01
7.000000000000000000e+01 3.152395131810446571e+01
7.200000000000000000e+01 3.211908339509480470e+01
7.400000000000000000e+01 3.286565950095327793e+01
7.600000000000000000e+01 3.317805184403417229e+01
7.800000000000000000e+01 3.404193362595414385e+01
8.000000000000000000e+01 3.474114059018420164e+01
8.200000000000000000e+01 3.567056397464129702e+01
8.400000000000000000e+01 3.608052404978758432e+01
8.600000000000000000e+01 3.710734855915658414e+01
8.800000000000000000e+01 3.809815582795629041e+01
9.000000000000000000e+01 3.894914187473403189e+01
9.200000000000000000e+01 4.004744896923524067e+01
9.400000000000000000e+01 4.117832596100002007e+01
9.600000000000000000e+01 4.225463192093753406e+01
9.800000000000000000e+01 4.364361961529929346e+01
1.000000000000000000e+02 4.498616644964572941e+01
1.020000000000000000e+02 4.648128311253912415e+01
1.040000000000000000e+02 4.810456076253944246e+01
1.060000000000000000e+02 4.998396795075142762e+01
1.080000000000000000e+02 5.180998190842771578e+01
1.100000000000000000e+02 5.419268938910263245e+01
1.120000000000000000e+02 5.653458424002877791e+01
1.140000000000000000e+02 5.920145361044058063e+01
1.160000000000000000e+02 6.243897418277140332e+01
1.180000000000000000e+02 6.586309852936926745e+01
1.200000000000000000e+02 6.997669691276063020e+01
1.220000000000000000e+02 7.474197635596335942e+01
1.240000000000000000e+02 8.017208533574155638e+01
1.260000000000000000e+02 8.712322904524259570e+01
1.280000000000000000e+02 9.547452473257608574e+01
1.300000000000000000e+02 1.061059237490849938e+02
1.320000000000000000e+02 1.201029633622284649e+02
1.340000000000000000e+02 1.398114440756254453e+02
1.360000000000000000e+02 1.692874991954675750e+02
1.380000000000000000e+02 2.207266876849809023e+02
1.400000000000000000e+02 3.381162912315332392e+02
1.420000000000000000e+02 7.804311700018540705e+02
1.440000000000000000e+02 4.676339840387025220e+02
1.460000000000000000e+02 0.000000000000000000e+00
1.480000000000000000e+02 0.000000000000000000e+00
1.500000000000000000e+02 0.000000000000000000e+00
1.520000000000000000e+02 0.000000000000000000e+00
1.540000000000000000e+02 0.000000000000000000e+00
1.560000000000000000e+02 0.000000000000000000e+00
1.580000000000000000e+02 0.000000000000000000e+00
1.600000000000000000e+02 0.000000000000000000e+00
1.620000000000000000e+02 0.000000000000000000e+00
1.640000000000000000e+02 0.000000000000000000e+00
1.660000000000000000e+02 0.000000000000000000e+00
1.680000000000000000e+02 0.000000000000000000e+00
1.700000000000000000e+02 0.000000000000000000e+00
1.720000000000000000e+02 0.000000000000000000e+00
1.740000000000000000e+02 0.000000000000000000e+00
1.760000000000000000e+02 0.000000000000000000e+00
1.780000000000000000e+02 0.000000000000000000e+00
1.800000000000000000e+02 0.000000000000000000e+00
1.820000000000000000e+02 0.000000000000000000e+00
1.840000000000000000e+02 0.000000000000000000e+00
1.860000000000000000e+02 0.000000000000000000e+00
1.880000000000000000e+02 0.000000000000000000e+00
1.900000000000000000e+02 0.000000000000000000e+00
1.920000000000000000e+02 0.000000000000000000e+00
1.940000000000000000e+02 0.000000000000000000e+00
1.960000000000000000e+02 0.000000000000000000e+00
1.980000000000000000e+02 0.000000000000000000e+00
2.000000000000000000e+02 0.000000000000000000e+00
2.020000000000000000e+02 0.000000000000000000e+00
2.040000000000000000e+02 0.000000000000000000e+00
2.060000000000000000e+02 0.000000000000000000e+00
2.080000000000000000e+02 0.000000000000000000e+00
2.100000000000000000e+02 0.000000000000000000e+00
2.120000000000000000e+02 0.000000000000000000e+00
2.140000000000000000e+02 0.000000000000000000e+00
2.160000000000000000e+02 0.000000000000000000e+00
2.180000000000000000e+02 0.000000000000000000e+00
2.200000000000000000e+02 0.000000000000000000e+00
2.220000000000000000e+02 0.000000000000000000e+00
2.240000000000000000e+02 0.000000000000000000e+00
2.260000000000000000e+02 0.000000000000000000e+00
2.280000000000000000e+02 0.000000000000000000e+00
2.300000000000000000e+02 0.000000000000000000e+00
2.320000000000000000e+02 0.000000000000000000e+00
2.340000000000000000e+02 0.000000000000000000e+00
2.360000000000000000e+02 0.000000000000000000e+00
2.380000000000000000e+02 0.000000000000000000e+00
2.400000000000000000e+02 0.000000000000000000e+00
2.420000000000000000e+02 0.000000000000000000e+00
2.440000000000000000e+02 0.000000000000000000e+00
2.460000000000000000e+02 0.000000000000000000e+00
2.480000000000000000e+02 0.000000000000000000e+00
2.500000000000000000e+02 0.000000000000000000e+00
2.520000000000000000e+02 0.000000000000000000e+00
2.540000000000000000e+02 0.000000000000000000e+00
2.560000000000000000e+02 0.000000000000000000e+00
2.580000000000000000e+02 0.000000000000000000e+00
2.600000000000000000e+02 0.000000000000000000e+00
2.620000000000000000e+02 0.000000000000000000e+00
2.640000000000000000e+02 0.000000000000000000e+00
2.660000000000000000e+02 0.000000000000000000e+00
2.680000000000000000e+02 0.000000000000000000e+00
2.700000000000000000e+02 0.000000000000000000e+00
2.720000000000000000e+02 0.000000000000000000e+00
2.740000000000000000e+02 0.000000000000000000e+00
2.760000000000000000e+02 0.000000000000000000e+00
2.780000000000000000e+02 0.000000000000000000e+00
2.800000000000000000e+02 0.000000000000000000e+00
2.820000000000000000e+02 0.000000000000000000e+00
2.840000000000000000e+02 0.000000000000000000e+00
2.860000000000000000e+02 0.000000000000000000e+00
2.880000000000000000e+02 0.000000000000000000e+00
2.900000000000000000e+02 0.000000000000000000e+00
2.920000000000000000e+02 0.000000000000000000e+00
2.940000000000000000e+02 0.000000000000000000e+00
2.960000000000000000e+02 0.000000000000000000e+00
2.980000000000000000e+02 0.000000000000000000e+00
3.000000000000000000e+02 0.000000000000000000e+00
3.020000000000000000e+02 0.000000000000000000e+00
3.040000000000000000e+02 0.000000000000000000e+00
3.060000000000000000e+02 0.000000000000000000e+00
3.080000000000000000e+02 0.000000000000000000e+00
3.100000000000000000e+02 0.000000000000000000e+00
3.120000000000000000e+02 0.000000000000000000e+00
3.140000000000000000e+02 0.000000000000000000e+00
3.160000000000000000e+02 0.000000000000000000e+00
3.180000000000000000e+02 0.000000000000000000e+00
3.200000000000000000e+02 0.000000000000000000e+00
3.220000000000000000e+02 0.000000000000000000e+00
3.240000000000000000e+02 0.000000000000000000e+00
3.260000000000000000e+02 0.000000000000000000e+00
3.280000000000000000e+02 0.000000000000000000e+00
3.300000000000000000e+02 0.000000000000000000e+00
3.320000000000000000e+02 0.000000000000000000e+00
3.340000000000000000e+02 0.000000000000000000e+00
3.360000000000000000e+02 0.000000000000000000e+00
3.380000000000000000e+02 0.000000000000000000e+00
3.400000000000000000e+02 0.000000000000000000e+00
3.420000000000000000e+02 0.000000000000000000e+00
3.440000000000000000e+02 0.000000000000000000e+00
3.460000000000000000e+02 0.000000000000000000e+00
3.480000000000000000e+02 0.000000000000000000e+00
3.500000000000000000e+02 0.000000000000000000e+00
3.520000000000000000e+02 0.000000000000000000e+00
3.540000000000000000e+02 0.000000000000000000e+00
3.560000000000000000e+02 0.000000000000000000e+00
3.580000000000000000e+02 0.000000000000000000e+00
3.600000000000000000e+02 0.000000000000000000e+00
3.620000000000000000e+02 0.000000000000000000e+00
3.640000000000000000e+02 0.000000000000000000e+00
3.660000000000000000e+02 0.000000000000000000e+00
3.680000000000000000e+02 0.000000000000000000e+00
3.700000000000000000e+02 0.000000000000000000e+00
3.720000000000000000e+02 0.000000000000000000e+00
3.740000000000000000e+02 0.000000000000000000e+00
3.760000000000000000e+02 0.000000000000000000e+00
3.780000000000000000e+02 0.000000000000000000e+00
3.800000000000000000e+02 0.000000000000000000e+00
3.820000000000000000e+02 0.000000000000000000e+00
3.840000000000000000e+02 0.000000000000000000e+00
3.860000000000000000e+02 0.000000000000000000e+00
3.880000000000000000e+02 0.000000000000000000e+00
3.900000000000000000e+02 0.000000000000000000e+00
3.920000000000000000e+02 0.000000000000000000e+00
3.940000000000000000e+02 0.000000000000000000e+00
3.960000000000000000e+02 0.000000000000000000e+00
3.980000000000000000e+02 0.000000000000000000e+00
4.000000000000000000e+02 0.000000000000000000e+00
4.020000000000000000e+02 0.000000000000000000e+00
4.040000000000000000e+02 0.000000000000000000e+00
4.060000000000000000e+02 0.000000000000000000e+00
4.080000000000000000e+02 0.000000000000000000e+00
4.100000000000000000e+02 0.000000000000000000e+00
4.120000000000000000e+02 0.000000000000000000e+00
4.140000000000000000e+02 0.000000000000000000e+00
4.160000000000000000e+02 0.000000000000000000e+00
4.180000000000000000e+02 0.000000000000000000e+00
4.200000000000000000e+02 0.000000000000000000e+00
4.220000000000000000e+02 0.000000000000000000e+00
4.240000000000000000e+02 0.000000000000000000e+00
4.260000000000000000e+02 0.000000000000000000e+00
4.280000000000000000e+02 0.000000000000000000e+00
4.300000000000000000e+02 0.000000000000000000e+00
4.320000000000000000e+02 0.000000000000000000e+00
4.340000000000000000e+02 0.000000000000000000e+00
4.360000000000000000e+02 0.000000000000000000e+00
4.380000000000000000e+02 0.000000000000000000e+00
4.400000000000000000e+02 0.000000000000000000e+00
4.420000000000000000e+02 0.000000000000000000e+00
4.440000000000000000e+02 0.000000000000000000e+00
4.460000000000000000e+02 0.000000000000000000e+00
4.480000000000000000e+02 0.000000000000000000e+00
4.500000000000000000e+02 0.000000000000000000e+00
4.520000000000000000e+02 0.000000000000000000e+00
4.540000000000000000e+02 0.000000000000000000e+00
4.560000000000000000e+02 0.000000000000000000e+00
4.580000000000000000e+02 0.000000000000000000e+00
4.600000000000000000e+02 0.000000000000000000e+00
4.620000000000000000e+02 0.000000000000000000e+00
4.640000000000000000e+02 0.000000000000000000e+00
4.660000000000000000e+02 0.000000000000000000e+00
4.680000000000000000e+02 0.000000000000000000e+00
4.700000000000000000e+02 0.000000000000000000e+00
4.720000000000000000e+02 0.000000000000000000e+00
4.740000000000000000e+02 0.000000000000000000e+00
4.760000000000000000e+02 0.000000000000000000e+00
4.780000000000000000e+02 0.000000000000000000e+00
4.800000000000000000e+02 0.000000000000000000e+00
4.820000000000000000e+02 0.000000000000000000e+00
4.840000000000000000e+02 0.000000000000000000e+00
4.860000000000000000e+02 0.000000000000000000e+00
4.880000000000000000e+02 0.000000000000000000e+00
4.900000000000000000e+02 0.000000000000000000e+00
4.920000000000000000e+02 0.000000000000000000e+00
4.940000000000000000e+02 0.000000000000000000e+00
4.960000000000000000e+02 0.000000000000000000e+00
4.980000000000000000e+02 0.000000000000000000e+00
5.000000000000000000e+02 0.000000000000000000e+00
5.020000000000000000e+02 0.000000000000000000e+00
5.040000000000000000e+02 0.000000000000000000e+00
5.060000000000000000e+02 0.000000000000000000e+00
5.080000000000000000e+02 0.000000000000000000e+00
5.100000000000000000e+02 0.000000000000000000e+00
5.120000000000000000e+02 0.000000000000000000e+00
5.140000000000000000e+02 0.000000000000000000e+00
5.160000000000000000e+02 0.000000000000000000e+00
5.180000000000000000e+02 0.000000000000000000e+00
5.200000000000000000e+02 0.000000000000000000e+00
5.220000000000000000e+02 0.000000000000000000e+00
5.240000000000000000e+02 0.000000000000000000e+00
5.260000000000000000e+02 0.000000000000000000e+00
5.280000000000000000e+02 0.000000000000000000e+00
5.300000000000000000e+02 0.000000000000000000e+00
5.320000000000000000e+02 0.000000000000000000e+00
5.340000000000000000e+02 0.000000000000000000e+00
5.360000000000000000e+02 0.000000000000000000e+00
5.380000000000000000e+02 0.000000000000000000e+00
5.400000000000000000e+02 0.000000000000000000e+00
5.420000000000000000e+02 0.000000000000000000e+00
5.440000000000000000e+02 0.000000000000000000e+00
5.460000000000000000e+02 0.000000000000000000e+00
5.480000000000000000e+02 0.000000000000000000e+00
5.500000000000000000e+02 0.000000000000000000e+00
5.520000000000000000e+02 0.000000000000000000e+00
5.540000000000000000e+02 0.000000000000000000e+00
5.560000000000000000e+02 0.000000000000000000e+00
5.580000000000000000e+02 0.000000000000000000e+00
5.600000000000000000e+02 0.000000000000000000e+00
5.620000000000000000e+02 0.000000000000000000e+00
5.640000000000000000e+02 0.000000000000000000e+00
5.660000000000000000e+02 0.000000000000000000e+00
5.680000000000000000e+02 0.000000000000000000e+00
5.700000000000000000e+02 0.000000000000000000e+00
5.720000000000000000e+02 0.000000000000000000e+00
5.740000000000000000e+02 0.000000000000000000e+00
5.760000000000000000e+02 0.000000000000000000e+00
5.780000000000000000e+02 0.000000000000000000e+00
5.800000000000000000e+02 0.000000000000000000e+00
5.820000000000000000e+02 0.000000000000000000e+00
5.840000000000000000e+02 0.000000000000000000e+00
5.860000000000000000e+02 0.000000000000000000e+00
5.880000000000000000e+02 0.000000000000000000e+00
5.900000000000000000e+02 0.000000000000000000e+00
5.920000000000000000e+02 0.000000000000000000e+00
5.940000000000000000e+02 0.000000000000000000e+00
5.960000000000000000e+02 0.000000000000000000e+00
5.980000000000000000e+02 0.000000000000000000e+00
6.000000000000000000e+02 0.000000000000000000e+00
6.020000000000000000e+02 0.000000000000000000e+00
6.040000000000000000e+02 0.000000000000000000e+00
6.060000000000000000e+02 0.000000000000000000e+00
6.080000000000000000e+02 0.000000000000000000e+00
6.100000000000000000e+02 0.000000000000000000e+00
6.120000000000000000e+02 0.000000000000000000e+00
6.140000000000000000e+02 0.000000000000000000e+00
6.160000000000000000e+02 0.000000000000000000e+00
6.180000000000000000e+02 0.000000000000000000e+00
6.200000000000000000e+02 0.000000000000000000e+00
6.220000000000000000e+02 0.000000000000000000e+00
6.240000000000000000e+02 0.000000000000000000e+00
6.260000000000000000e+02 0.000000000000000000e+00
6.280000000000000000e+02 0.000000000000000000e+00
6.300000000000000000e+02 0.000000000000000000e+00
6.320000000000000000e+02 0.000000000000000000e+00
6.340000000000000000e+02 0.000000000000000000e+00
6.360000000000000000e+02 0.000000000000000000e+00
6.380000000000000000e+02 0.000000000000000000e+00
6.400000000000000000e+02 0.000000000000000000e+00
6.420000000000000000e+02 0.000000000000000000e+00
6.440000000000000000e+02 0.000000000000000000e+00
6.460000000000000000e+02 0.000000000000000000e+00
6.480000000000000000e+02 0.000000000000000000e+00
6.500000000000000000e+02 0.000000000000000000e+00
6.520000000000000000e+02 0.000000000000000000e+00
6.540000000000000000e+02 0.000000000000000000e+00
6.560000000000000000e+02 0.000000000000000000e+00
6.580000000000000000e+02 0.000000000000000000e+00
6.600000000000000000e+02 0.000000000000000000e+00
6.620000000000000000e+02 0.000000000000000000e+00
6.640000000000000000e+02 0.000000000000000000e+00
6.660000000000000000e+02 0.000000000000000000e+00
6.680000000000000000e+02 0.000000000000000000e+00
6.700000000000000000e+02 0.000000000000000000e+00
6.720000000000000000e+02 0.000000000000000000e+00
6.740000000000000000e+02 0.000000000000000000e+00
6.760000000000000000e+02 0.000000000000000000e+00
6.780000000000000000e+02 0.000000000000000000e+00
6.800000000000000000e+02 0.000000000000000000e+00
6.820000000000000000e+02 0.000000000000000000e+00
6.840000000000000000e+02 0.000000000000000000e+00
6.860000000000000000e+02 0.000000000000000000e+00
6.880000000000000000e+02 0.000000000000000000e+00
6.900000000000000000e+02 0.000000000000000000e+00
6.920000000000000000e+02 0.000000000000000000e+00
6.940000000000000000e+02 0.000000000000000000e+00
6.960000000000000000e+02 0.000000000000000000e+00
6.980000000000000000e+02 0.000000000000000000e+00
7.000000000000000000e+02 0.000000000000000000e+00
7.020000000000000000e+02 0.000000000000000000e+00
7.040000000000000000e+02 0.000000000000000000e+00
7.060000000000000000e+02 0.000000000000000000e+00
7.080000000000000000e+02 0.000000000000000000e+00
7.100000000000000000e+02 0.000000000000000000e+00
7.120000000000000000e+02 0.000000000000000000e+00
7.140000000000000000e+02 0.000000000000000000e+00
7.160000000000000000e+02 0.000000000000000000e+00
7.180000000000000000e+02 0.000000000000000000e+00
7.200000000000000000e+02 0.000000000000000000e+00
7.220000000000000000e+02 0.000000000000000000e+00
7.240000000000000000e+02 0.000000000000000000e+00
7.260000000000000000e+02 0.000000000000000000e+00
7.280000000000000000e+02 0.000000000000000000e+00
7.300000000000000000e+02 0.000000000000000000e+00
7.320000000000000000e+02 0.000000000000000000e+00
7.340000000000000000e+02 0.000000000000000000e+00
7.360000000000000000e+02 0.000000000000000000e+00
7.380000000000000000e+02 0.000000000000000000e+00
7.400000000000000000e+02 0.000000000000000000e+00
7.420000000000000000e+02 0.000000000000000000e+00
7.440000000000000000e+02 0.000000000000000000e+00
7.460000000000000000e+02 0.000000000000000000e+00
7.480000000000000000e+02 0.000000000000000000e+00
7.500000000000000000e+02 0.000000000000000000e+00
7.520000000000000000e+02 0.000000000000000000e+00
7.540000000000000000e+02 0.000000000000000000e+00
7.560000000000000000e+02 0.000000000000000000e+00
7.580000000000000000e+02 0.000000000000000000e+00
7.600000000000000000e+02 0.000000000000000000e+00
7.620000000000000000e+02 0.000000000000000000e+00
7.640000000000000000e+02 0.000000000000000000e+00
7.660000000000000000e+02 0.000000000000000000e+00
7.680000000000000000e+02 0.000000000000000000e+00
7.700000000000000000e+02 0.000000000000000000e+00
7.720000000000000000e+02 0.000000000000000000e+00
7.740000000000000000e+02 0.000000000000000000e+00
7.760000000000000000e+02 0.000000000000000000e+00
7.780000000000000000e+02 0.000000000000000000e+00
7.800000000000000000e+02 0.000000000000000000e+00
7.820000000000000000e+02 0.000000000000000000e+00
7.840000000000000000e+02 0.000000000000000000e+00
7.860000000000000000e+02 0.000000000000000000e+00
7.880000000000000000e+02 0.000000000000000000e+00
7.900000000000000000e+02 0.000000000000000000e+00
7.920000000000000000e+02 0.000000000000000000e+00
7.940000000000000000e+02 0.000000000000000000e+00
7.960000000000000000e+02 0.000000000000000000e+00
7.980000000000000000e+02 0.000000000000000000e+00
