-8.000000000000000000e+02 0.000000000000000000e+00
-7.980000000000000000e+02 0.000000000000000000e+00
-7.960000000000000000e+02 0.000000000000000000e+00
-7.940000000000000000e+02 0.000000000000000000e+00
-7.920000000000000000e+02 0.000000000000000000e+00
-7.900000000000000000e+02 0.000000000000000000e+00
-7.880000000000000000e+02 0.000000000000000000e+00
-7.860000000000000000e+02 0.000000000000000000e+00
-7.840000000000000000e+02 0.000000000000000000e+00
-7.820000000000000000e+02 0.000000000000000000e+00
-7.800000000000000000e+02 0.000000000000000000e+00
-7.780000000000000000e+02 0.000000000000000000e+00
-7.760000000000000000e+02 0.000000000000000000e+00
-7.740000000000000000e+02 0.000000000000000000e+00
-7.720000000000000000e+02 0.000000000000000000e+00
-7.700000000000000000e+02 0.000000000000000000e+00
-7.680000000000000000e+02 0.000000000000000000e+00
-7.660000000000000000e+02 0.000000000000000000e+00
-7.640000000000000000e+02 0.000000000000000000e+00
-7.620000000000000000e+02 0.000000000000000000e+00
-7.600000000000000000e+02 0.000000000000000000e+00
-7.580000000000000000e+02 0.000000000000000000e+00
-7.560000000000000000e+02 0.000000000000000000e+00
-7.540000000000000000e+02 0.000000000000000000e+00
-7.520000000000000000e+02 0.000000000000000000e+00
-7.500000000000000000e+02 0.000000000000000000e+00
-7.480000000000000000e+02 0.000000000000000000e+00
-7.460000000000000000e+02 0.000000000000000000e+00
-7.440000000000000000e+02 0.000000000000000000e+00
-7.420000000000000000e+02 0.000000000000000000e+00
-7.400000000000000000e+02 0.000000000000000000e+00
-7.380000000000000000e+02 0.000000000000000000e+00
-7.360000000000000000e+02 0.000000000000000000e+00
-7.340000000000000000e+02 0.000000000000000000e+00
-7.320000000000000000e+02 0.000000000000000000e+00
-7.300000000000000000e+02 0.000000000000000000e+00
-7.280000000000000000e+02 0.000000000000000000e+00
-7.260000000000000000e+02 0.000000000000000000e+00
-7.240000000000000000e+02 0.000000000000000000e+00
-7.220000000000000000e+02 0.000000000000000000e+00
-7.200000000000000000e+02 0.000000000000000000e+00
-7.180000000000000000e+02 0.000000000000000000e+00
-7.160000000000000000e+02 0.000000000000000000e+00
-7.140000000000000000e+02 0.000000000000000000e+00
-7.120000000000000000e+02 0.000000000000000000e+00
-7.100000000000000000e+02 0.000000000000000000e+00
-7.080000000000000000e+02 0.000000000000000000e+00
-7.060000000000000000e+02 0.000000000000000000e+00
-7.040000000000000000e+02 0.000000000000000000e+00
-7.020000000000000000e+02 0.000000000000000000e+00
-7.000000000000000000e+02 0.000000000000000000e+00
-6.980000000000000000e+02 0.000000000000000000e+00
-6.960000000000000000e+02 0.000000000000000000e+00
-6.940000000000000000e+02 0.000000000000000000e+00
-6.920000000000000000e+02 0.000000000000000000e+00
-6.900000000000000000e+02 0.000000000000000000e+00
-6.880000000000000000e+02 0.000000000000000000e+00
-6.860000000000000000e+02 0.000000000000000000e+00
-6.840000000000000000e+02 0.000000000000000000e+00
-6.820000000000000000e+02 0.000000000000000000e+00
-6.800000000000000000e+02 0.000000000000000000e+00
-6.780000000000000000e+02 0.000000000000000000e+00
-6.760000000000000000e+02 0.000000000000000000e+00
-6.740000000000000000e+02 0.000000000000000000e+00
-6.720000000000000000e+02 0.000000000000000000e+00
-6.700000000000000000e+02 0.000000000000000000e+00
-6.680000000000000000e+02 0.000000000000000000e+00
-6.660000000000000000e+02 0.000000000000000000e+00
-6.640000000000000000e+02 0.000000000000000000e+00
-6.620000000000000000e+02 0.000000000000000000e+00
-6.600000000000000000e+02 0.000000000000000000e+00
-6.580000000000000000e+02 0.000000000000000000e+00
-6.560000000000000000e+02 0.000000000000000000e+00
-6.540000000000000000e+02 0.000000000000000000e+00
-6.520000000000000000e+02 0.000000000000000000e+00
-6.500000000000000000e+02 0.000000000000000000e+00
-6.480000000000000000e+02 0.000000000000000000e+00
-6.460000000000000000e+02 0.000000000000000000e+00
-6.440000000000000000e+02 0.000000000000000000e+00
-6.420000000000000000e+02 0.000000000000000000e+00
-6.400000000000000000e+02 0.000000000000000000e+00
-6.380000000000000000e+02 0.000000000000000000e+00
-6.360000000000000000e+02 0.000000000000000000e+00
-6.340000000000000000e+02 0.000000000000000000e+00
-6.320000000000000000e+02 0.000000000000000000e+00
-6.300000000000000000e+02 0.000000000000000000e+00
-6.280000000000000000e+02 0.000000000000000000e+00
-6.260000000000000000e+02 0.000000000000000000e+00
-6.240000000000000000e+02 0.000000000000000000e+00
-6.220000000000000000e+02 0.000000000000000000e+00
-6.200000000000000000e+02 0.000000000000000000e+00
-6.180000000000000000e+02 0.000000000000000000e+00
-6.160000000000000000e+02 0.000000000000000000e+00
-6.140000000000000000e+02 0.000000000000000000e+00
-6.120000000000000000e+02 0.000000000000000000e+00
-6.100000000000000000e+02 0.000000000000000000e+00
-6.080000000000000000e+02 0.000000000000000000e+00
-6.060000000000000000e+02 0.000000000000000000e+00
-6.040000000000000000e+02 0.000000000000000000e+00
-6.020000000000000000e+02 0.000000000000000000e+00
-6.000000000000000000e+02 0.000000000000000000e+00
-5.980000000000000000e+02 0.000000000000000000e+00
-5.960000000000000000e+02 0.000000000000000000e+00
-5.940000000000000000e+02 0.000000000000000000e+00
-5.920000000000000000e+02 0.000000000000000000e+00
-5.900000000000000000e+02 0.000000000000000000e+00
-5.880000000000000000e+02 0.000000000000000000e+00
-5.860000000000000000e+02 0.000000000000000000e+00
-5.840000000000000000e+02 0.000000000000000000e+00
-5.820000000000000000e+02 0.000000000000000000e+00
-5.800000000000000000e+02 0.000000000000000000e+00
-5.780000000000000000e+02 0.000000000000000000e+00
-5.760000000000000000e+02 0.000000000000000000e+00
-5.740000000000000000e+02 0.000000000000000000e+00
-5.720000000000000000e+02 0.000000000000000000e+00
-5.700000000000000000e+02 0.000000000000000000e+00
-5.680000000000000000e+02 0.000000000000000000e+00
-5.660000000000000000e+02 0.000000000000000000e+00
-5.640000000000000000e+02 0.000000000000000000e+00
-5.620000000000000000e+02 0.000000000000000000e+00
-5.600000000000000000e+02 0.000000000000000000e+00
-5.580000000000000000e+02 0.000000000000000000e+00
-5.560000000000000000e+02 0.000000000000000000e+00
-5.540000000000000000e+02 0.000000000000000000e+00
-5.520000000000000000e+02 0.000000000000000000e+00
-5.500000000000000000e+02 0.000000000000000000e+00
-5.480000000000000000e+02 0.000000000000000000e+00
-5.460000000000000000e+02 0.000000000000000000e+00
-5.440000000000000000e+02 0.000000000000000000e+00
-5.420000000000000000e+02 0.000000000000000000e+00
-5.400000000000000000e+02 0.000000000000000000e+00
-5.380000000000000000e+02 0.000000000000000000e+00
-5.360000000000000000e+02 0.000000000000000000e+00
-5.340000000000000000e+02 0.000000000000000000e+00
-5.320000000000000000e+02 0.000000000000000000e+00
-5.300000000000000000e+02 0.000000000000000000e+00
-5.280000000000000000e+02 0.000000000000000000e+00
-5.260000000000000000e+02 0.000000000000000000e+00
-5.240000000000000000e+02 0.000000000000000000e+00
-5.220000000000000000e+02 0.000000000000000000e+00
-5.200000000000000000e+02 0.000000000000000000e+00
-5.180000000000000000e+02 0.000000000000000000e+00
-5.160000000000000000e+02 0.000000000000000000e+00
-5.140000000000000000e+02 0.000000000000000000e+00
-5.120000000000000000e+02 0.000000000000000000e+00
-5.100000000000000000e+02 0.000000000000000000e+00
-5.080000000000000000e+02 0.000000000000000000e+00
-5.060000000000000000e+02 0.000000000000000000e+00
-5.040000000000000000e+02 0.000000000000000000e+00
-5.020000000000000000e+02 0.000000000000000000e+00
-5.000000000000000000e+02 0.000000000000000000e+00
-4.980000000000000000e+02 0.000000000000000000e+00
-4.960000000000000000e+02 0.000000000000000000e+00
-4.940000000000000000e+02 0.000000000000000000e+00
-4.920000000000000000e+02 0.000000000000000000e+00
-4.900000000000000000e+02 0.000000000000000000e+00
-4.880000000000000000e+02 0.000000000000000000e+00
-4.860000000000000000e+02 0.000000000000000000e+00
-4.840000000000000000e+02 0.000000000000000000e+00
-4.820000000000000000e+02 0.000000000000000000e+00
-4.800000000000000000e+02 0.000000000000000000e+00
-4.780000000000000000e+02 0.000000000000000000e+00
-4.760000000000000000e+02 0.000000000000000000e+00
-4.740000000000000000e+02 0.000000000000000000e+00
-4.720000000000000000e+02 0.000000000000000000e+00
-4.700000000000000000e+02 0.000000000000000000e+00
-4.680000000000000000e+02 0.000000000000000000e+00
-4.660000000000000000e+02 0.000000000000000000e+00
-4.640000000000000000e+02 0.000000000000000000e+00
-4.620000000000000000e+02 0.000000000000000000e+00
-4.600000000000000000e+02 0.000000000000000000e+00
-4.580000000000000000e+02 0.000000000000000000e+00
-4.560000000000000000e+02 0.000000000000000000e+00
-4.540000000000000000e+02 0.000000000000000000e+00
-4.520000000000000000e+02 0.000000000000000000e+00
-4.500000000000000000e+02 0.000000000000000000e+00
-4.480000000000000000e+02 0.000000000000000000e+00
-4.460000000000000000e+02 0.000000000000000000e+00
-4.440000000000000000e+02 0.000000000000000000e+00
-4.420000000000000000e+02 0.000000000000000000e+00
-4.400000000000000000e+02 0.000000000000000000e+00
-4.380000000000000000e+02 0.000000000000000000e+00
-4.360000000000000000e+02 0.000000000000000000e+00
-4.340000000000000000e+02 0.000000000000000000e+00
-4.320000000000000000e+02 0.000000000000000000e+00
-4.300000000000000000e+02 0.000000000000000000e+00
-4.280000000000000000e+02 0.000000000000000000e+00
-4.260000000000000000e+02 0.000000000000000000e+00
-4.240000000000000000e+02 0.000000000000000000e+00
-4.220000000000000000e+02 0.000000000000000000e+00
-4.200000000000000000e+02 0.000000000000000000e+00
-4.180000000000000000e+02 0.000000000000000000e+00
-4.160000000000000000e+02 0.000000000000000000e+00
-4.140000000000000000e+02 0.000000000000000000e+00
-4.120000000000000000e+02 0.000000000000000000e+00
-4.100000000000000000e+02 0.000000000000000000e+00
-4.080000000000000000e+02 0.000000000000000000e+00
-4.060000000000000000e+02 0.000000000000000000e+00
-4.040000000000000000e+02 0.000000000000000000e+00
-4.020000000000000000e+02 0.000000000000000000e+00
-4.000000000000000000e+02 0.000000000000000000e+00
-3.980000000000000000e+02 0.000000000000000000e+00
-3.960000000000000000e+02 0.000000000000000000e+00
-3.940000000000000000e+02 0.000000000000000000e+00
-3.920000000000000000e+02 0.000000000000000000e+00
-3.900000000000000000e+02 0.000000000000000000e+00
-3.880000000000000000e+02 0.000000000000000000e+00
-3.860000000000000000e+02 0.000000000000000000e+00
-3.840000000000000000e+02 0.000000000000000000e+00
-3.820000000000000000e+02 0.000000000000000000e+00
-3.800000000000000000e+02 0.000000000000000000e+00
-3.780000000000000000e+02 0.000000000000000000e+00
-3.760000000000000000e+02 0.000000000000000000e+00
-3.740000000000000000e+02 0.000000000000000000e+00
-3.720000000000000000e+02 0.000000000000000000e+00
-3.700000000000000000e+02 0.000000000000000000e+00
-3.680000000000000000e+02 0.000000000000000000e+00
-3.660000000000000000e+02 0.000000000000000000e+00
-3.640000000000000000e+02 0.000000000000000000e+00
-3.620000000000000000e+02 0.000000000000000000e+00
-3.600000000000000000e+02 0.000000000000000000e+00
-3.580000000000000000e+02 0.000000000000000000e+00
-3.560000000000000000e+02 0.000000000000000000e+00
-3.540000000000000000e+02 0.000000000000000000e+00
-3.520000000000000000e+02 0.000000000000000000e+00
-3.500000000000000000e+02 0.000000000000000000e+00
-3.480000000000000000e+02 0.000000000000000000e+00
-3.460000000000000000e+02 0.000000000000000000e+00
-3.440000000000000000e+02 0.000000000000000000e+00
-3.420000000000000000e+02 0.000000000000000000e+00
-3.400000000000000000e+02 0.000000000000000000e+00
-3.380000000000000000e+02 0.000000000000000000e+00
-3.360000000000000000e+02 0.000000000000000000e+00
-3.340000000000000000e+02 0.000000000000000000e+00
-3.320000000000000000e+02 0.000000000000000000e+00
-3.300000000000000000e+02 0.000000000000000000e+00
-3.280000000000000000e+02 0.000000000000000000e+00
-3.260000000000000000e+02 0.000000000000000000e+00
-3.240000000000000000e+02 0.000000000000000000e+00
-3.220000000000000000e+02 0.000000000000000000e+00
-3.200000000000000000e+02 0.000000000000000000e+00
-3.180000000000000000e+02 0.000000000000000000e+00
-3.160000000000000000e+02 0.000000000000000000e+00
-3.140000000000000000e+02 0.000000000000000000e+00
-3.120000000000000000e+02 0.000000000000000000e+00
-3.100000000000000000e+02 2.625862646743851059e+00
-3.080000000000000000e+02 8.564508622580535757e+01
-3.060000000000000000e+02 1.245542859399807440e+02
-3.040000000000000000e+02 1.117688705550564947e+02
-3.020000000000000000e+02 9.336312649134517017e+01
-3.000000000000000000e+02 8.114606949451757600e+01
-2.980000000000000000e+02 7.268609989072427879e+01
-2.960000000000000000e+02 6.653513004438889311e+01
-2.940000000000000000e+02 6.177589819511368319e+01
-2.920000000000000000e+02 5.772288216399662986e+01
-2.900000000000000000e+02 5.466808401966809328e+01
-2.880000000000000000e+02 5.205701972925793797e+01
-2.860000000000000000e+02 4.974406203269899152e+01
-2.840000000000000000e+02 4.759297872643003302e+01
-2.820000000000000000e+02 4.605696732179197284e+01
-2.800000000000000000e+02 4.436261873949955259e+01
-2.780000000000000000e+02 4.310381476937069323e+01
-2.760000000000000000e+02 4.181541353157262364e+01
-2.740000000000000000e+02 4.062482493168318598e+01
-2.720000000000000000e+02 3.965586613634387447e+01
-2.700000000000000000e+02 3.867803409514574042e+01
-2.680000000000000000e+02 3.785351818427233894e+01
-2.660000000000000000e+02 3.706624372619762653e+01
-2.640000000000000000e+02 3.631218219823463045e+01
-2.620000000000000000e+02 3.556547631722952474e+01
-2.600000000000000000e+02 3.497790928992152715e+01
-2.580000000000000000e+02 3.436878829775864830e+01
-2.560000000000000000e+02 3.372961284384412295e+01
-2.540000000000000000e+02 3.326841092630380103e+01
-2.520000000000000000e+02 3.274769449824290746e+01
-2.500000000000000000e+02 3.240320800732068562e+01
-2.480000000000000000e+02 3.173412093858405925e+01
-2.460000000000000000e+02 3.162783255495717682e+01
-2.440000000000000000e+02 3.062534034912726000e+01
-2.420000000000000000e+02 3.097281158585659711e+01
-2.400000000000000000e+02 3.029757578753292435e+01
-2.380000000000000000e+02 3.000220456451778261e+01
-2.360000000000000000e+02 2.969960709162972634e+01
-2.340000000000000000e+02 2.931546664683045478e+01
-2.320000000000000000e+02 2.905791043518771133e+01
-2.300000000000000000e+02 2.872258725566477722e+01
-2.280000000000000000e+02 2.851713878545123393e+01
-2.260000000000000000e+02 2.826992343451432177e+01
-2.240000000000000000e+02 2.798188259399534417e+01
-2.220000000000000000e+02 2.777542180336514122e+01
-2.200000000000000000e+02 2.759296953056042412e+01
-2.180000000000000000e+02 2.728345580890077215e+01
-2.160000000000000000e+02 2.709545739226461336e+01
-2.140000000000000000e+02 2.701957808851136633e+01
-2.120000000000000000e+02 2.685506356993597166e+01
-2.100000000000000000e+02 2.643786369288628535e+01
-2.080000000000000000e+02 2.643140747011851488e+01
-2.060000000000000000e+02 2.616422801545063948e+01
-2.040000000000000000e+02 2.615845970733069592e+01
-2.020000000000000000e+02 2.599447661532395770e+01
-2.000000000000000000e+02 2.572793375457961318e+01
-1.980000000000000000e+02 2.569108031844610451e+01
-1.960000000000000000e+02 2.535148569946672126e+01
-1.940000000000000000e+02 2.536712361055223752e+01
-1.920000000000000000e+02 2.532788075991260968e+01
-1.900000000000000000e+02 2.512069457117973315e+01
-1.880000000000000000e+02 2.494993250019844311e+01
-1.860000000000000000e+02 2.506113021995430756e+01
-1.840000000000000000e+02 2.468345984441129559e+01
-1.820000000000000000e+02 2.466864928034288695e+01
-1.800000000000000000e+02 2.466943896331099140e+01
-1.780000000000000000e+02 2.458204568110745925e+01
-1.760000000000000000e+02 2.428115575818069871e+01
-1.740000000000000000e+02 2.441616151048533112e+01
-1.720000000000000000e+02 2.427817347071945875e+01
-1.700000000000000000e+02 2.422889912143515190e+01
-1.680000000000000000e+02 2.404622889381896300e+01
-1.660000000000000000e+02 2.395270015114590478e+01
-1.640000000000000000e+02 2.393487920740577835e+01
-1.620000000000000000e+02 2.331751835568774212e+01
-1.600000000000000000e+02 2.447929330163229622e+01
-1.580000000000000000e+02 2.379642056937279548e+01
-1.560000000000000000e+02 2.377856401564585553e+01
-1.540000000000000000e+02 2.362115664031984608e+01
-1.520000000000000000e+02 2.362177008859097072e+01
-1.500000000000000000e+02 2.361880754655618020e+01
-1.480000000000000000e+02 2.354657927111756166e+01
-1.460000000000000000e+02 2.349238640478957763e+01
-1.440000000000000000e+02 2.347291958726077254e+01
-1.420000000000000000e+02 2.337163664588267409e+01
-1.400000000000000000e+02 2.343672416835913097e+01
-1.380000000000000000e+02 2.334777324430140411e+01
-1.360000000000000000e+02 2.339506897671936514e+01
-1.340000000000000000e+02 2.329709417584798459e+01
-1.320000000000000000e+02 2.325357793013466079e+01
-1.300000000000000000e+02 2.326614568506726854e+01
-1.280000000000000000e+02 2.324930856565474002e+01
-1.260000000000000000e+02 2.324963218846981405e+01
-1.240000000000000000e+02 2.317262149197973642e+01
-1.220000000000000000e+02 2.329024545363557053e+01
-1.200000000000000000e+02 2.316489808136612183e+01
-1.180000000000000000e+02 2.323143467666767137e+01
-1.160000000000000000e+02 2.324491217937081444e+01
-1.140000000000000000e+02 2.312644086415302880e+01
-1.120000000000000000e+02 2.323846251029820209e+01
-1.100000000000000000e+02 2.317250213460016539e+01
-1.080000000000000000e+02 2.316553649985541696e+01
-1.060000000000000000e+02 2.322652205720105911e+01
-1.040000000000000000e+02 2.332770058763270882e+01
-1.020000000000000000e+02 2.316997906860865797e+01
-1.000000000000000000e+02 2.324523714827361331e+01
-9.800000000000000000e+01 2.323196134243869437e+01
-9.600000000000000000e+01 2.320559240955575220e+01
-9.400000000000000000e+01 2.346851465646960477e+01
-9.200000000000000000e+01 2.331978350664591915e+01
-9.000000000000000000e+01 2.339284579979817735e+01
-8.800000000000000000e+01 2.307707116753702792e+01
-8.600000000000000000e+01 2.362498899134443064e+01
-8.400000000000000000e+01 2.348242858915395459e+01
-8.200000000000000000e+01 2.351992015091123278e+01
-8.000000000000000000e+01 2.349622224090309786e+01
-7.800000000000000000e+01 2.353192092805215907e+01
-7.600000000000000000e+01 2.363277882993884305e+01
-7.400000000000000000e+01 2.363337594501376060e+01
-7.200000000000000000e+01 2.373125270880557025e+01
-7.000000000000000000e+01 2.377538990112044459e+01
-6.800000000000000000e+01 2.378854394704654496e+01
-6.600000000000000000e+01 2.388292987246390453e+01
-6.400000000000000000e+01 2.395662241633569067e+01
-6.200000000000000000e+01 2.394276809697182173e+01
-6.000000000000000000e+01 2.404953258375102010e+01
-5.800000000000000000e+01 2.408005617114021746e+01
-5.600000000000000000e+01 2.423477130021656833e+01
-5.400000000000000000e+01 2.422287560922144323e+01
-5.200000000000000000e+01 2.437214255074745139e+01
-5.000000000000000000e+01 2.437775999217392098e+01
-4.800000000000000000e+01 2.447227476065027219e+01
-4.600000000000000000e+01 2.460530723302449374e+01
-4.400000000000000000e+01 2.462211813434419128e+01
-4.200000000000000000e+01 2.477935747242574038e+01
-4.000000000000000000e+01 2.483946645456375180e+01
-3.800000000000000000e+01 2.489664182664090575e+01
-3.600000000000000000e+01 2.515953139777188952e+01
-3.400000000000000000e+01 2.503574546846865800e+01
-3.200000000000000000e+01 2.529422085539585296e+01
-3.000000000000000000e+01 2.524431749188234164e+01
-2.800000000000000000e+01 2.557647243091338751e+01
-2.600000000000000000e+01 2.560593986307613434e+01
-2.400000000000000000e+01 2.571133044455104866e+01
-2.200000000000000000e+01 2.585854188080160654e+01
-2.000000000000000000e+01 2.597009594432853063e+01
-1.800000000000000000e+01 2.615567527128952463e+01
-1.600000000000000000e+01 2.622100894070175414e+01
-1.400000000000000000e+01 2.641521645190968925e+01
-1.200000000000000000e+01 2.654621054925628698e+01
-1.000000000000000000e+01 2.673162835558217765e+01
-8.000000000000000000e+00 2.685485473102870557e+01
-6.000000000000000000e+00 2.702118593326629892e+01
-4.000000000000000000e+00 2.721329562151194281e+01
-2.000000000000000000e+00 2.739206918582724626e+01
0.000000000000000000e+00 2.757507088804883821e+01
2.000000000000000000e+00 2.783061570559004494e+01
4.000000000000000000e+00 2.803875080662187358e+01
6.000000000000000000e+00 2.824313020085157433e+01
8.000000000000000000e+00 2.843023978359290282e+01
1.000000000000000000e+01 2.864638704022886628e+01
1.200000000000000000e+01 2.886290752100460466e+01
1.400000000000000000e+01 2.915806895720788461e+01
1.600000000000000000e+01 2.932302993566243643e+01
1.800000000000000000e+01 2.955010118957052612e+01
2.000000000000000000e+01 2.992212479007243076e+01
2.200000000000000000e+01 3.024074436087763473e+01
2.400000000000000000e+01 3.044845295495760240e+01
2.600000000000000000e+01 3.073191057038939178e+01
2.800000000000000000e+01 3.102304058430251033e+01
3.000000000000000000e+01 3.131759472341798656e+01
3.200000000000000000e+01 3.166139965006806989e+01
3.400000000000000000e+01 3.201638879693291528e+01
3.600000000000000000e+01 3.231950216641076423e+01
3.800000000000000000e+01 3.266649058900590319e+01
4.000000000000000000e+01 3.308511702938505294e+01
4.200000000000000000e+01 3.345488215484812144e+01
4.400000000000000000e+01 3.389425943584732437e+01
4.600000000000000000e+01 3.428514409594549051e+01
4.800000000000000000e+01 3.460113211615312423e+01
5.000000000000000000e+01 3.517172565769082837e+01
5.200000000000000000e+01 3.563478381998682920e+01
5.400000000000000000e+01 3.614331663645666026e+01
5.600000000000000000e+01 3.661170415921796462e+01
5.800000000000000000e+01 3.708542315424610081e+01
6.000000000000000000e+01 3.771225500231252425e+01
6.200000000000000000e+01 3.823345585314894635e+01
6.400000000000000000e+01 3.882548665670966415e+01
6.600000000000000000e+01 3.953707971483508743e+01
6.800000000000000000e+01 4.017895306739758610e+01
7.000000000000000000e+01 4.081236659926241828e+01
7.200000000000000000e+01 4.163057421864498053e+01
7.400000000000000000e+01 4.236221148639424428e+01
7.600000000000000000e+01 4.308660817417812439e+01
7.800000000000000000e+01 4.400173781629175096e+01
8.000000000000000000e+01 4.496987181651415710e+01
8.200000000000000000e+01 4.592171136353898220e+01
8.400000000000000000e+01 4.683305967516748325e+01
8.600000000000000000e+01 4.793491041497140515e+01
8.800000000000000000e+01 4.912523459308238216e+01
9.000000000000000000e+01 5.034871128516970629e+01
9.200000000000000000e+01 5.153165638272788840e+01
9.400000000000000000e+01 5.302870747331289181e+01
9.600000000000000000e+01 5.443314385654133503e+01
9.800000000000000000e+01 5.609129330240244826e+01
1.000000000000000000e+02 5.777059534554974363e+01
1.020000000000000000e+02 5.964224719011997422e+01
1.040000000000000000e+02 6.180260625481193415e+01
1.060000000000000000e+02 6.393916126150156032e+01
1.080000000000000000e+02 6.633884975939679407e+01
1.100000000000000000e+02 6.901610432826322494e+01
1.120000000000000000e+02 7.186936028165119694e+01
1.140000000000000000e+02 7.528351916601978644e+01
1.160000000000000000e+02 7.884209266995776488e+01
1.180000000000000000e+02 8.312220415024673059e+01
1.200000000000000000e+02 8.787884771959896568e+01
1.220000000000000000e+02 9.317651095176036335e+01
1.240000000000000000e+02 9.960263577376578326e+01
1.260000000000000000e+02 1.069411203356186348e+02
1.280000000000000000e+02 1.160756730866236381e+02
1.300000000000000000e+02 1.273724946293359750e+02
1.320000000000000000e+02 1.408942996311772049e+02
1.340000000000000000e+02 1.596438680127816383e+02
1.360000000000000000e+02 1.856418315321971590e+02
1.380000000000000000e+02 2.254029828337128549e+02
1.400000000000000000e+02 2.976381060557115461e+02
1.420000000000000000e+02 4.185085423678131065e+02
1.440000000000000000e+02 1.151151819628236268e+02
1.460000000000000000e+02 0.000000000000000000e+00
1.480000000000000000e+02 0.000000000000000000e+00
1.500000000000000000e+02 0.000000000000000000e+00
1.520000000000000000e+02 0.000000000000000000e+00
1.540000000000000000e+02 0.000000000000000000e+00
1.560000000000000000e+02 0.000000000000000000e+00
1.580000000000000000e+02 0.000000000000000000e+00
1.600000000000000000e+02 0.000000000000000000e+00
1.620000000000000000e+02 0.000000000000000000e+00
1.640000000000000000e+02 0.000000000000000000e+00
1.660000000000000000e+02 0.000000000000000000e+00
1.680000000000000000e+02 0.000000000000000000e+00
1.700000000000000000e+02 0.000000000000000000e+00
1.720000000000000000e+02 0.000000000000000000e+00
1.740000000000000000e+02 0.000000000000000000e+00
1.760000000000000000e+02 0.000000000000000000e+00
1.780000000000000000e+02 0.000000000000000000e+00
1.800000000000000000e+02 0.000000000000000000e+00
1.820000000000000000e+02 0.000000000000000000e+00
1.840000000000000000e+02 0.000000000000000000e+00
1.860000000000000000e+02 0.000000000000000000e+00
1.880000000000000000e+02 0.000000000000000000e+00
1.900000000000000000e+02 0.000000000000000000e+00
1.920000000000000000e+02 0.000000000000000000e+00
1.940000000000000000e+02 0.000000000000000000e+00
1.960000000000000000e+02 0.000000000000000000e+00
1.980000000000000000e+02 0.000000000000000000e+00
2.000000000000000000e+02 0.000000000000000000e+00
2.020000000000000000e+02 0.000000000000000000e+00
2.040000000000000000e+02 0.000000000000000000e+00
2.060000000000000000e+02 0.000000000000000000e+00
2.080000000000000000e+02 0.000000000000000000e+00
2.100000000000000000e+02 0.000000000000000000e+00
2.120000000000000000e+02 0.000000000000000000e+00
2.140000000000000000e+02 0.000000000000000000e+00
2.160000000000000000e+02 0.000000000000000000e+00
2.180000000000000000e+02 0.000000000000000000e+00
2.200000000000000000e+02 0.000000000000000000e+00
2.220000000000000000e+02 0.000000000000000000e+00
2.240000000000000000e+02 0.000000000000000000e+00
2.260000000000000000e+02 0.000000000000000000e+00
2.280000000000000000e+02 0.000000000000000000e+00
2.300000000000000000e+02 0.000000000000000000e+00
2.320000000000000000e+02 0.000000000000000000e+00
2.340000000000000000e+02 0.000000000000000000e+00
2.360000000000000000e+02 0.000000000000000000e+00
2.380000000000000000e+02 0.000000000000000000e+00
2.400000000000000000e+02 0.000000000000000000e+00
2.420000000000000000e+02 0.000000000000000000e+00
2.440000000000000000e+02 0.000000000000000000e+00
2.460000000000000000e+02 0.000000000000000000e+00
2.480000000000000000e+02 0.000000000000000000e+00
2.500000000000000000e+02 0.000000000000000000e+00
2.520000000000000000e+02 0.000000000000000000e+00
2.540000000000000000e+02 0.000000000000000000e+00
2.560000000000000000e+02 0.000000000000000000e+00
2.580000000000000000e+02 0.000000000000000000e+00
2.600000000000000000e+02 0.000000000000000000e+00
2.620000000000000000e+02 0.000000000000000000e+00
2.640000000000000000e+02 0.000000000000000000e+00
2.660000000000000000e+02 0.000000000000000000e+00
2.680000000000000000e+02 0.000000000000000000e+00
2.700000000000000000e+02 0.000000000000000000e+00
2.720000000000000000e+02 0.000000000000000000e+00
2.740000000000000000e+02 0.000000000000000000e+00
2.760000000000000000e+02 0.000000000000000000e+00
2.780000000000000000e+02 0.000000000000000000e+00
2.800000000000000000e+02 0.000000000000000000e+00
2.820000000000000000e+02 0.000000000000000000e+00
2.840000000000000000e+02 0.000000000000000000e+00
2.860000000000000000e+02 0.000000000000000000e+00
2.880000000000000000e+02 0.000000000000000000e+00
2.900000000000000000e+02 0.000000000000000000e+00
2.920000000000000000e+02 0.000000000000000000e+00
2.940000000000000000e+02 0.000000000000000000e+00
2.960000000000000000e+02 0.000000000000000000e+00
2.980000000000000000e+02 0.000000000000000000e+00
3.000000000000000000e+02 0.000000000000000000e+00
3.020000000000000000e+02 0.000000000000000000e+00
3.040000000000000000e+02 0.000000000000000000e+00
3.060000000000000000e+02 0.000000000000000000e+00
3.080000000000000000e+02 0.000000000000000000e+00
3.100000000000000000e+02 0.000000000000000000e+00
3.120000000000000000e+02 0.000000000000000000e+00
3.140000000000000000e+02 0.000000000000000000e+00
3.160000000000000000e+02 0.000000000000000000e+00
3.180000000000000000e+02 0.000000000000000000e+00
3.200000000000000000e+02 0.000000000000000000e+00
3.220000000000000000e+02 0.000000000000000000e+00
3.240000000000000000e+02 0.000000000000000000e+00
3.260000000000000000e+02 0.000000000000000000e+00
3.280000000000000000e+02 0.000000000000000000e+00
3.300000000000000000e+02 0.000000000000000000e+00
3.320000000000000000e+02 0.000000000000000000e+00
3.340000000000000000e+02 0.000000000000000000e+00
3.360000000000000000e+02 0.000000000000000000e+00
3.380000000000000000e+02 0.000000000000000000e+00
3.400000000000000000e+02 0.000000000000000000e+00
3.420000000000000000e+02 0.000000000000000000e+00
3.440000000000000000e+02 0.000000000000000000e+00
3.460000000000000000e+02 0.000000000000000000e+00
3.480000000000000000e+02 0.000000000000000000e+00
3.500000000000000000e+02 0.000000000000000000e+00
3.520000000000000000e+02 0.000000000000000000e+00
3.540000000000000000e+02 0.000000000000000000e+00
3.560000000000000000e+02 0.000000000000000000e+00
3.580000000000000000e+02 0.000000000000000000e+00
3.600000000000000000e+02 0.000000000000000000e+00
3.620000000000000000e+02 0.000000000000000000e+00
3.640000000000000000e+02 0.000000000000000000e+00
3.660000000000000000e+02 0.000000000000000000e+00
3.680000000000000000e+02 0.000000000000000000e+00
3.700000000000000000e+02 0.000000000000000000e+00
3.720000000000000000e+02 0.000000000000000000e+00
3.740000000000000000e+02 0.000000000000000000e+00
3.760000000000000000e+02 0.000000000000000000e+00
3.780000000000000000e+02 0.000000000000000000e+00
3.800000000000000000e+02 0.000000000000000000e+00
3.820000000000000000e+02 0.000000000000000000e+00
3.840000000000000000e+02 0.000000000000000000e+00
3.860000000000000000e+02 0.000000000000000000e+00
3.880000000000000000e+02 0.000000000000000000e+00
3.900000000000000000e+02 0.000000000000000000e+00
3.920000000000000000e+02 0.000000000000000000e+00
3.940000000000000000e+02 0.000000000000000000e+00
3.960000000000000000e+02 0.000000000000000000e+00
3.980000000000000000e+02 0.000000000000000000e+00
4.000000000000000000e+02 0.000000000000000000e+00
4.020000000000000000e+02 0.000000000000000000e+00
4.040000000000000000e+02 0.000000000000000000e+00
4.060000000000000000e+02 0.000000000000000000e+00
4.080000000000000000e+02 0.000000000000000000e+00
4.100000000000000000e+02 0.000000000000000000e+00
4.120000000000000000e+02 0.000000000000000000e+00
4.140000000000000000e+02 0.000000000000000000e+00
4.160000000000000000e+02 0.000000000000000000e+00
4.180000000000000000e+02 0.000000000000000000e+00
4.200000000000000000e+02 0.000000000000000000e+00
4.220000000000000000e+02 0.000000000000000000e+00
4.240000000000000000e+02 0.000000000000000000e+00
4.260000000000000000e+02 0.000000000000000000e+00
4.280000000000000000e+02 0.000000000000000000e+00
4.300000000000000000e+02 0.000000000000000000e+00
4.320000000000000000e+02 0.000000000000000000e+00
4.340000000000000000e+02 0.000000000000000000e+00
4.360000000000000000e+02 0.000000000000000000e+00
4.380000000000000000e+02 0.000000000000000000e+00
4.400000000000000000e+02 0.000000000000000000e+00
4.420000000000000000e+02 0.000000000000000000e+00
4.440000000000000000e+02 0.000000000000000000e+00
4.460000000000000000e+02 0.000000000000000000e+00
4.480000000000000000e+02 0.000000000000000000e+00
4.500000000000000000e+02 0.000000000000000000e+00
4.520000000000000000e+02 0.000000000000000000e+00
4.540000000000000000e+02 0.000000000000000000e+00
4.560000000000000000e+02 0.000000000000000000e+00
4.580000000000000000e+02 0.000000000000000000e+00
4.600000000000000000e+02 0.000000000000000000e+00
4.620000000000000000e+02 0.000000000000000000e+00
4.640000000000000000e+02 0.000000000000000000e+00
4.660000000000000000e+02 0.000000000000000000e+00
4.680000000000000000e+02 0.000000000000000000e+00
4.700000000000000000e+02 0.000000000000000000e+00
4.720000000000000000e+02 0.000000000000000000e+00
4.740000000000000000e+02 0.000000000000000000e+00
4.760000000000000000e+02 0.000000000000000000e+00
4.780000000000000000e+02 0.000000000000000000e+00
4.800000000000000000e+02 0.000000000000000000e+00
4.820000000000000000e+02 0.000000000000000000e+00
4.840000000000000000e+02 0.000000000000000000e+00
4.860000000000000000e+02 0.000000000000000000e+00
4.880000000000000000e+02 0.000000000000000000e+00
4.900000000000000000e+02 0.000000000000000000e+00
4.920000000000000000e+02 0.000000000000000000e+00
4.940000000000000000e+02 0.000000000000000000e+00
4.960000000000000000e+02 0.000000000000000000e+00
4.980000000000000000e+02 0.000000000000000000e+00
5.000000000000000000e+02 0.000000000000000000e+00
5.020000000000000000e+02 0.000000000000000000e+00
5.040000000000000000e+02 0.000000000000000000e+00
5.060000000000000000e+02 0.000000000000000000e+00
5.080000000000000000e+02 0.000000000000000000e+00
5.100000000000000000e+02 0.000000000000000000e+00
5.120000000000000000e+02 0.000000000000000000e+00
5.140000000000000000e+02 0.000000000000000000e+00
5.160000000000000000e+02 0.000000000000000000e+00
5.180000000000000000e+02 0.000000000000000000e+00
5.200000000000000000e+02 0.000000000000000000e+00
5.220000000000000000e+02 0.000000000000000000e+00
5.240000000000000000e+02 0.000000000000000000e+00
5.260000000000000000e+02 0.000000000000000000e+00
5.280000000000000000e+02 0.000000000000000000e+00
5.300000000000000000e+02 0.000000000000000000e+00
5.320000000000000000e+02 0.000000000000000000e+00
5.340000000000000000e+02 0.000000000000000000e+00
5.360000000000000000e+02 0.000000000000000000e+00
5.380000000000000000e+02 0.000000000000000000e+00
5.400000000000000000e+02 0.000000000000000000e+00
5.420000000000000000e+02 0.000000000000000000e+00
5.440000000000000000e+02 0.000000000000000000e+00
5.460000000000000000e+02 0.000000000000000000e+00
5.480000000000000000e+02 0.000000000000000000e+00
5.500000000000000000e+02 0.000000000000000000e+00
5.520000000000000000e+02 0.000000000000000000e+00
5.540000000000000000e+02 0.000000000000000000e+00
5.560000000000000000e+02 0.000000000000000000e+00
5.580000000000000000e+02 0.000000000000000000e+00
5.600000000000000000e+02 0.000000000000000000e+00
5.620000000000000000e+02 0.000000000000000000e+00
5.640000000000000000e+02 0.000000000000000000e+00
5.660000000000000000e+02 0.000000000000000000e+00
5.680000000000000000e+02 0.000000000000000000e+00
5.700000000000000000e+02 0.000000000000000000e+00
5.720000000000000000e+02 0.000000000000000000e+00
5.740000000000000000e+02 0.000000000000000000e+00
5.760000000000000000e+02 0.000000000000000000e+00
5.780000000000000000e+02 0.000000000000000000e+00
5.800000000000000000e+02 0.000000000000000000e+00
5.820000000000000000e+02 0.000000000000000000e+00
5.840000000000000000e+02 0.000000000000000000e+00
5.860000000000000000e+02 0.000000000000000000e+00
5.880000000000000000e+02 0.000000000000000000e+00
5.900000000000000000e+02 0.000000000000000000e+00
5.920000000000000000e+02 0.000000000000000000e+00
5.940000000000000000e+02 0.000000000000000000e+00
5.960000000000000000e+02 0.000000000000000000e+00
5.980000000000000000e+02 0.000000000000000000e+00
6.000000000000000000e+02 0.000000000000000000e+00
6.020000000000000000e+02 0.000000000000000000e+00
6.040000000000000000e+02 0.000000000000000000e+00
6.060000000000000000e+02 0.000000000000000000e+00
6.080000000000000000e+02 0.000000000000000000e+00
6.100000000000000000e+02 0.000000000000000000e+00
6.120000000000000000e+02 0.000000000000000000e+00
6.140000000000000000e+02 0.000000000000000000e+00
6.160000000000000000e+02 0.000000000000000000e+00
6.180000000000000000e+02 0.000000000000000000e+00
6.200000000000000000e+02 0.000000000000000000e+00
6.220000000000000000e+02 0.000000000000000000e+00
6.240000000000000000e+02 0.000000000000000000e+00
6.260000000000000000e+02 0.000000000000000000e+00
6.280000000000000000e+02 0.000000000000000000e+00
6.300000000000000000e+02 0.000000000000000000e+00
6.320000000000000000e+02 0.000000000000000000e+00
6.340000000000000000e+02 0.000000000000000000e+00
6.360000000000000000e+02 0.000000000000000000e+00
6.380000000000000000e+02 0.000000000000000000e+00
6.400000000000000000e+02 0.000000000000000000e+00
6.420000000000000000e+02 0.000000000000000000e+00
6.440000000000000000e+02 0.000000000000000000e+00
6.460000000000000000e+02 0.000000000000000000e+00
6.480000000000000000e+02 0.000000000000000000e+00
6.500000000000000000e+02 0.000000000000000000e+00
6.520000000000000000e+02 0.000000000000000000e+00
6.540000000000000000e+02 0.000000000000000000e+00
6.560000000000000000e+02 0.000000000000000000e+00
6.580000000000000000e+02 0.000000000000000000e+00
6.600000000000000000e+02 0.000000000000000000e+00
6.620000000000000000e+02 0.000000000000000000e+00
6.640000000000000000e+02 0.000000000000000000e+00
6.660000000000000000e+02 0.000000000000000000e+00
6.680000000000000000e+02 0.000000000000000000e+00
6.700000000000000000e+02 0.000000000000000000e+00
6.720000000000000000e+02 0.000000000000000000e+00
6.740000000000000000e+02 0.000000000000000000e+00
6.760000000000000000e+02 0.000000000000000000e+00
6.780000000000000000e+02 0.000000000000000000e+00
6.800000000000000000e+02 0.000000000000000000e+00
6.820000000000000000e+02 0.000000000000000000e+00
6.840000000000000000e+02 0.000000000000000000e+00
6.860000000000000000e+02 0.000000000000000000e+00
6.880000000000000000e+02 0.000000000000000000e+00
6.900000000000000000e+02 0.000000000000000000e+00
6.920000000000000000e+02 0.000000000000000000e+00
6.940000000000000000e+02 0.000000000000000000e+00
6.960000000000000000e+02 0.000000000000000000e+00
6.980000000000000000e+02 0.000000000000000000e+00
7.000000000000000000e+02 0.000000000000000000e+00
7.020000000000000000e+02 0.000000000000000000e+00
7.040000000000000000e+02 0.000000000000000000e+00
7.060000000000000000e+02 0.000000000000000000e+00
7.080000000000000000e+02 0.000000000000000000e+00
7.100000000000000000e+02 0.000000000000000000e+00
7.120000000000000000e+02 0.000000000000000000e+00
7.140000000000000000e+02 0.000000000000000000e+00
7.160000000000000000e+02 0.000000000000000000e+00
7.180000000000000000e+02 0.000000000000000000e+00
7.200000000000000000e+02 0.000000000000000000e+00
7.220000000000000000e+02 0.000000000000000000e+00
7.240000000000000000e+02 0.000000000000000000e+00
7.260000000000000000e+02 0.000000000000000000e+00
7.280000000000000000e+02 0.000000000000000000e+00
7.300000000000000000e+02 0.000000000000000000e+00
7.320000000000000000e+02 0.000000000000000000e+00
7.340000000000000000e+02 0.000000000000000000e+00
7.360000000000000000e+02 0.000000000000000000e+00
7.380000000000000000e+02 0.000000000000000000e+00
7.400000000000000000e+02 0.000000000000000000e+00
7.420000000000000000e+02 0.000000000000000000e+00
7.440000000000000000e+02 0.000000000000000000e+00
7.460000000000000000e+02 0.000000000000000000e+00
7.480000000000000000e+02 0.000000000000000000e+00
7.500000000000000000e+02 0.000000000000000000e+00
7.520000000000000000e+02 0.000000000000000000e+00
7.540000000000000000e+02 0.000000000000000000e+00
7.560000000000000000e+02 0.000000000000000000e+00
7.580000000000000000e+02 0.000000000000000000e+00
7.600000000000000000e+02 0.000000000000000000e+00
7.620000000000000000e+02 0.000000000000000000e+00
7.640000000000000000e+02 0.000000000000000000e+00
7.660000000000000000e+02 0.000000000000000000e+00
7.680000000000000000e+02 0.000000000000000000e+00
7.700000000000000000e+02 0.000000000000000000e+00
7.720000000000000000e+02 0.000000000000000000e+00
7.740000000000000000e+02 0.000000000000000000e+00
7.760000000000000000e+02 0.000000000000000000e+00
7.780000000000000000e+02 0.000000000000000000e+00
7.800000000000000000e+02 0.000000000000000000e+00
7.820000000000000000e+02 0.000000000000000000e+00
7.840000000000000000e+02 0.000000000000000000e+00
7.860000000000000000e+02 0.000000000000000000e+00
7.880000000000000000e+02 0.000000000000000000e+00
7.900000000000000000e+02 0.000000000000000000e+00
7.920000000000000000e+02 0.000000000000000000e+00
7.940000000000000000e+02 0.000000000000000000e+00
7.960000000000000000e+02 0.000000000000000000e+00
7.980000000000000000e+02 0.000000000000000000e+00
