-8.000000000000000000e+02 0.000000000000000000e+00
-7.980000000000000000e+02 0.000000000000000000e+00
-7.960000000000000000e+02 0.000000000000000000e+00
-7.940000000000000000e+02 0.000000000000000000e+00
-7.920000000000000000e+02 0.000000000000000000e+00
-7.900000000000000000e+02 0.000000000000000000e+00
-7.880000000000000000e+02 0.000000000000000000e+00
-7.860000000000000000e+02 0.000000000000000000e+00
-7.840000000000000000e+02 0.000000000000000000e+00
-7.820000000000000000e+02 0.000000000000000000e+00
-7.800000000000000000e+02 0.000000000000000000e+00
-7.780000000000000000e+02 0.000000000000000000e+00
-7.760000000000000000e+02 0.000000000000000000e+00
-7.740000000000000000e+02 0.000000000000000000e+00
-7.720000000000000000e+02 0.000000000000000000e+00
-7.700000000000000000e+02 0.000000000000000000e+00
-7.680000000000000000e+02 0.000000000000000000e+00
-7.660000000000000000e+02 0.000000000000000000e+00
-7.640000000000000000e+02 0.000000000000000000e+00
-7.620000000000000000e+02 0.000000000000000000e+00
-7.600000000000000000e+02 0.000000000000000000e+00
-7.580000000000000000e+02 0.000000000000000000e+00
-7.560000000000000000e+02 0.000000000000000000e+00
-7.540000000000000000e+02 0.000000000000000000e+00
-7.520000000000000000e+02 0.000000000000000000e+00
-7.500000000000000000e+02 0.000000000000000000e+00
-7.480000000000000000e+02 0.000000000000000000e+00
-7.460000000000000000e+02 0.000000000000000000e+00
-7.440000000000000000e+02 0.000000000000000000e+00
-7.420000000000000000e+02 0.000000000000000000e+00
-7.400000000000000000e+02 0.000000000000000000e+00
-7.380000000000000000e+02 0.000000000000000000e+00
-7.360000000000000000e+02 0.000000000000000000e+00
-7.340000000000000000e+02 0.000000000000000000e+00
-7.320000000000000000e+02 0.000000000000000000e+00
-7.300000000000000000e+02 0.000000000000000000e+00
-7.280000000000000000e+02 0.000000000000000000e+00
-7.260000000000000000e+02 0.000000000000000000e+00
-7.240000000000000000e+02 0.000000000000000000e+00
-7.220000000000000000e+02 0.000000000000000000e+00
-7.200000000000000000e+02 0.000000000000000000e+00
-7.180000000000000000e+02 0.000000000000000000e+00
-7.160000000000000000e+02 0.000000000000000000e+00
-7.140000000000000000e+02 0.000000000000000000e+00
-7.120000000000000000e+02 0.000000000000000000e+00
-7.100000000000000000e+02 0.000000000000000000e+00
-7.080000000000000000e+02 0.000000000000000000e+00
-7.060000000000000000e+02 0.000000000000000000e+00
-7.040000000000000000e+02 0.000000000000000000e+00
-7.020000000000000000e+02 0.000000000000000000e+00
-7.000000000000000000e+02 0.000000000000000000e+00
-6.980000000000000000e+02 0.000000000000000000e+00
-6.960000000000000000e+02 0.000000000000000000e+00
-6.940000000000000000e+02 0.000000000000000000e+00
-6.920000000000000000e+02 0.000000000000000000e+00
-6.900000000000000000e+02 0.000000000000000000e+00
-6.880000000000000000e+02 0.000000000000000000e+00
-6.860000000000000000e+02 0.000000000000000000e+00
-6.840000000000000000e+02 0.000000000000000000e+00
-6.820000000000000000e+02 0.000000000000000000e+00
-6.800000000000000000e+02 0.000000000000000000e+00
-6.780000000000000000e+02 0.000000000000000000e+00
-6.760000000000000000e+02 0.000000000000000000e+00
-6.740000000000000000e+02 0.000000000000000000e+00
-6.720000000000000000e+02 0.000000000000000000e+00
-6.700000000000000000e+02 0.000000000000000000e+00
-6.680000000000000000e+02 0.000000000000000000e+00
-6.660000000000000000e+02 0.000000000000000000e+00
-6.640000000000000000e+02 0.000000000000000000e+00
-6.620000000000000000e+02 0.000000000000000000e+00
-6.600000000000000000e+02 0.000000000000000000e+00
-6.580000000000000000e+02 0.000000000000000000e+00
-6.560000000000000000e+02 0.000000000000000000e+00
-6.540000000000000000e+02 0.000000000000000000e+00
-6.520000000000000000e+02 0.000000000000000000e+00
-6.500000000000000000e+02 0.000000000000000000e+00
-6.480000000000000000e+02 0.000000000000000000e+00
-6.460000000000000000e+02 0.000000000000000000e+00
-6.440000000000000000e+02 0.000000000000000000e+00
-6.420000000000000000e+02 0.000000000000000000e+00
-6.400000000000000000e+02 0.000000000000000000e+00
-6.380000000000000000e+02 0.000000000000000000e+00
-6.360000000000000000e+02 0.000000000000000000e+00
-6.340000000000000000e+02 0.000000000000000000e+00
-6.320000000000000000e+02 0.000000000000000000e+00
-6.300000000000000000e+02 0.000000000000000000e+00
-6.280000000000000000e+02 0.000000000000000000e+00
-6.260000000000000000e+02 0.000000000000000000e+00
-6.240000000000000000e+02 0.000000000000000000e+00
-6.220000000000000000e+02 0.000000000000000000e+00
-6.200000000000000000e+02 0.000000000000000000e+00
-6.180000000000000000e+02 0.000000000000000000e+00
-6.160000000000000000e+02 0.000000000000000000e+00
-6.140000000000000000e+02 0.000000000000000000e+00
-6.120000000000000000e+02 0.000000000000000000e+00
-6.100000000000000000e+02 0.000000000000000000e+00
-6.080000000000000000e+02 0.000000000000000000e+00
-6.060000000000000000e+02 0.000000000000000000e+00
-6.040000000000000000e+02 0.000000000000000000e+00
-6.020000000000000000e+02 0.000000000000000000e+00
-6.000000000000000000e+02 0.000000000000000000e+00
-5.980000000000000000e+02 0.000000000000000000e+00
-5.960000000000000000e+02 0.000000000000000000e+00
-5.940000000000000000e+02 0.000000000000000000e+00
-5.920000000000000000e+02 0.000000000000000000e+00
-5.900000000000000000e+02 0.000000000000000000e+00
-5.880000000000000000e+02 0.000000000000000000e+00
-5.860000000000000000e+02 0.000000000000000000e+00
-5.840000000000000000e+02 0.000000000000000000e+00
-5.820000000000000000e+02 0.000000000000000000e+00
-5.800000000000000000e+02 0.000000000000000000e+00
-5.780000000000000000e+02 0.000000000000000000e+00
-5.760000000000000000e+02 0.000000000000000000e+00
-5.740000000000000000e+02 0.000000000000000000e+00
-5.720000000000000000e+02 0.000000000000000000e+00
-5.700000000000000000e+02 0.000000000000000000e+00
-5.680000000000000000e+02 0.000000000000000000e+00
-5.660000000000000000e+02 0.000000000000000000e+00
-5.640000000000000000e+02 0.000000000000000000e+00
-5.620000000000000000e+02 0.000000000000000000e+00
-5.600000000000000000e+02 0.000000000000000000e+00
-5.580000000000000000e+02 0.000000000000000000e+00
-5.560000000000000000e+02 0.000000000000000000e+00
-5.540000000000000000e+02 0.000000000000000000e+00
-5.520000000000000000e+02 0.000000000000000000e+00
-5.500000000000000000e+02 0.000000000000000000e+00
-5.480000000000000000e+02 0.000000000000000000e+00
-5.460000000000000000e+02 0.000000000000000000e+00
-5.440000000000000000e+02 0.000000000000000000e+00
-5.420000000000000000e+02 0.000000000000000000e+00
-5.400000000000000000e+02 0.000000000000000000e+00
-5.380000000000000000e+02 0.000000000000000000e+00
-5.360000000000000000e+02 0.000000000000000000e+00
-5.340000000000000000e+02 0.000000000000000000e+00
-5.320000000000000000e+02 0.000000000000000000e+00
-5.300000000000000000e+02 0.000000000000000000e+00
-5.280000000000000000e+02 0.000000000000000000e+00
-5.260000000000000000e+02 0.000000000000000000e+00
-5.240000000000000000e+02 0.000000000000000000e+00
-5.220000000000000000e+02 0.000000000000000000e+00
-5.200000000000000000e+02 0.000000000000000000e+00
-5.180000000000000000e+02 0.000000000000000000e+00
-5.160000000000000000e+02 0.000000000000000000e+00
-5.140000000000000000e+02 0.000000000000000000e+00
-5.120000000000000000e+02 0.000000000000000000e+00
-5.100000000000000000e+02 0.000000000000000000e+00
-5.080000000000000000e+02 0.000000000000000000e+00
-5.060000000000000000e+02 0.000000000000000000e+00
-5.040000000000000000e+02 0.000000000000000000e+00
-5.020000000000000000e+02 0.000000000000000000e+00
-5.000000000000000000e+02 0.000000000000000000e+00
-4.980000000000000000e+02 0.000000000000000000e+00
-4.960000000000000000e+02 0.000000000000000000e+00
-4.940000000000000000e+02 0.000000000000000000e+00
-4.920000000000000000e+02 0.000000000000000000e+00
-4.900000000000000000e+02 0.000000000000000000e+00
-4.880000000000000000e+02 0.000000000000000000e+00
-4.860000000000000000e+02 0.000000000000000000e+00
-4.840000000000000000e+02 0.000000000000000000e+00
-4.820000000000000000e+02 0.000000000000000000e+00
-4.800000000000000000e+02 0.000000000000000000e+00
-4.780000000000000000e+02 0.000000000000000000e+00
-4.760000000000000000e+02 0.000000000000000000e+00
-4.740000000000000000e+02 0.000000000000000000e+00
-4.720000000000000000e+02 0.000000000000000000e+00
-4.700000000000000000e+02 0.000000000000000000e+00
-4.680000000000000000e+02 0.000000000000000000e+00
-4.660000000000000000e+02 0.000000000000000000e+00
-4.640000000000000000e+02 0.000000000000000000e+00
-4.620000000000000000e+02 0.000000000000000000e+00
-4.600000000000000000e+02 0.000000000000000000e+00
-4.580000000000000000e+02 0.000000000000000000e+00
-4.560000000000000000e+02 0.000000000000000000e+00
-4.540000000000000000e+02 0.000000000000000000e+00
-4.520000000000000000e+02 0.000000000000000000e+00
-4.500000000000000000e+02 0.000000000000000000e+00
-4.480000000000000000e+02 0.000000000000000000e+00
-4.460000000000000000e+02 0.000000000000000000e+00
-4.440000000000000000e+02 0.000000000000000000e+00
-4.420000000000000000e+02 0.000000000000000000e+00
-4.400000000000000000e+02 0.000000000000000000e+00
-4.380000000000000000e+02 0.000000000000000000e+00
-4.360000000000000000e+02 0.000000000000000000e+00
-4.340000000000000000e+02 0.000000000000000000e+00
-4.320000000000000000e+02 0.000000000000000000e+00
-4.300000000000000000e+02 0.000000000000000000e+00
-4.280000000000000000e+02 0.000000000000000000e+00
-4.260000000000000000e+02 0.000000000000000000e+00
-4.240000000000000000e+02 0.000000000000000000e+00
-4.220000000000000000e+02 0.000000000000000000e+00
-4.200000000000000000e+02 0.000000000000000000e+00
-4.180000000000000000e+02 5.981330027044883479e+00
-4.160000000000000000e+02 6.038070687698912309e+01
-4.140000000000000000e+02 8.763821335951138281e+01
-4.120000000000000000e+02 8.883221550870938188e+01
-4.100000000000000000e+02 7.811175666827715247e+01
-4.080000000000000000e+02 6.851746126181360808e+01
-4.060000000000000000e+02 6.122868245172376334e+01
-4.040000000000000000e+02 5.599672479959594540e+01
-4.020000000000000000e+02 5.193887659465078599e+01
-4.000000000000000000e+02 4.857934532519983151e+01
-3.980000000000000000e+02 4.589101182013724411e+01
-3.960000000000000000e+02 4.351663191626903426e+01
-3.940000000000000000e+02 4.159745356626459056e+01
-3.920000000000000000e+02 3.994639970550478836e+01
-3.900000000000000000e+02 3.843831416320753647e+01
-3.880000000000000000e+02 3.710562556895306585e+01
-3.860000000000000000e+02 3.577696558223021839e+01
-3.840000000000000000e+02 3.488592194853729467e+01
-3.820000000000000000e+02 3.389777559520678096e+01
-3.800000000000000000e+02 3.302206564715470449e+01
-3.780000000000000000e+02 3.203634457609520325e+01
-3.760000000000000000e+02 3.150033686607280714e+01
-3.740000000000000000e+02 3.075165899448304430e+01
-3.720000000000000000e+02 2.995623447067917411e+01
-3.700000000000000000e+02 2.954499961360156135e+01
-3.680000000000000000e+02 2.894826023333171250e+01
-3.660000000000000000e+02 2.836096576679943837e+01
-3.640000000000000000e+02 2.787399773465792308e+01
-3.620000000000000000e+02 2.747649077739903589e+01
-3.600000000000000000e+02 2.709458604229338974e+01
-3.580000000000000000e+02 2.650713002618957859e+01
-3.560000000000000000e+02 2.627112612717184703e+01
-3.540000000000000000e+02 2.588698538480395328e+01
-3.520000000000000000e+02 2.553921696395128293e+01
-3.500000000000000000e+02 2.516979193829930495e+01
-3.480000000000000000e+02 2.481566152400700531e+01
-3.460000000000000000e+02 2.463921601631059133e+01
-3.440000000000000000e+02 2.418996616921708664e+01
-3.420000000000000000e+02 2.407860213674542038e+01
-3.400000000000000000e+02 2.377553954649079060e+01
-3.380000000000000000e+02 2.356531526597167669e+01
-3.360000000000000000e+02 2.314427902680645843e+01
-3.340000000000000000e+02 2.299515703556340540e+01
-3.320000000000000000e+02 2.288414821044120018e+01
-3.300000000000000000e+02 2.271094161003979295e+01
-3.280000000000000000e+02 2.250480125458919645e+01
-3.260000000000000000e+02 2.220805158039457439e+01
-3.240000000000000000e+02 2.187420314758891848e+01
-3.220000000000000000e+02 2.182805060311066825e+01
-3.200000000000000000e+02 2.172243793438824966e+01
-3.180000000000000000e+02 2.150704246776552608e+01
-3.160000000000000000e+02 2.126471356019089498e+01
-3.140000000000000000e+02 2.124472051726707633e+01
-3.120000000000000000e+02 2.100292040604293575e+01
-3.100000000000000000e+02 2.095435092331732818e+01
-3.080000000000000000e+02 2.076398762142132881e+01
-3.060000000000000000e+02 2.057837094561604729e+01
-3.040000000000000000e+02 2.043079887140222084e+01
-3.020000000000000000e+02 2.043993472565947656e+01
-3.000000000000000000e+02 2.027875434875609884e+01
-2.980000000000000000e+02 2.024081961164531407e+01
-2.960000000000000000e+02 1.984314378894363529e+01
-2.940000000000000000e+02 1.994576634062741505e+01
-2.920000000000000000e+02 1.979616603196139124e+01
-2.900000000000000000e+02 1.966462763419621140e+01
-2.880000000000000000e+02 1.965231208442379440e+01
-2.860000000000000000e+02 1.942609735202453436e+01
-2.840000000000000000e+02 1.931609261354476814e+01
-2.820000000000000000e+02 1.954547993226826463e+01
-2.800000000000000000e+02 1.915467051880082039e+01
-2.780000000000000000e+02 1.918584439911279915e+01
-2.760000000000000000e+02 1.896342608735671931e+01
-2.740000000000000000e+02 1.901973030885989147e+01
-2.720000000000000000e+02 1.885216845673144093e+01
-2.700000000000000000e+02 1.883158729328820513e+01
-2.680000000000000000e+02 1.867186704929538621e+01
-2.660000000000000000e+02 1.873739142329711527e+01
-2.640000000000000000e+02 1.845890033944781905e+01
-2.620000000000000000e+02 1.881655181260413201e+01
-2.600000000000000000e+02 1.832772714153822236e+01
-2.580000000000000000e+02 1.853026117457775612e+01
-2.560000000000000000e+02 1.839905994001718170e+01
-2.540000000000000000e+02 1.821214723718006567e+01
-2.520000000000000000e+02 1.836652452543592062e+01
-2.500000000000000000e+02 1.809318792635078665e+01
-2.480000000000000000e+02 1.818384120022817996e+01
-2.460000000000000000e+02 1.808556975009886969e+01
-2.440000000000000000e+02 1.798431341092305402e+01
-2.420000000000000000e+02 1.806962015416411660e+01
-2.400000000000000000e+02 1.803945689561431465e+01
-2.380000000000000000e+02 1.781390140134193700e+01
-2.360000000000000000e+02 1.782940837749960750e+01
-2.340000000000000000e+02 1.786142308590460104e+01
-2.320000000000000000e+02 1.784543656641293907e+01
-2.300000000000000000e+02 1.777087656104230362e+01
-2.280000000000000000e+02 1.769519909733707053e+01
-2.260000000000000000e+02 1.762357663622115922e+01
-2.240000000000000000e+02 1.762371191819257987e+01
-2.220000000000000000e+02 1.751465423403170618e+01
-2.200000000000000000e+02 1.776899475086949565e+01
-2.180000000000000000e+02 1.750150315158083814e+01
-2.160000000000000000e+02 1.769254172416373905e+01
-2.140000000000000000e+02 1.735712973946356286e+01
-2.120000000000000000e+02 1.746357673542607714e+01
-2.100000000000000000e+02 1.747923814936101650e+01
-2.080000000000000000e+02 1.742019952793249615e+01
-2.060000000000000000e+02 1.740442939467425987e+01
-2.040000000000000000e+02 1.740106451629352335e+01
-2.020000000000000000e+02 1.733296391232637745e+01
-2.000000000000000000e+02 1.738889187238094181e+01
-1.980000000000000000e+02 1.732271946642488558e+01
-1.960000000000000000e+02 1.733742369678849471e+01
-1.940000000000000000e+02 1.735763075383271925e+01
-1.920000000000000000e+02 1.718905824848253161e+01
-1.900000000000000000e+02 1.728023253783698365e+01
-1.880000000000000000e+02 1.730990627256843339e+01
-1.860000000000000000e+02 1.731319325880643945e+01
-1.840000000000000000e+02 1.719502869221780728e+01
-1.820000000000000000e+02 1.727072235810560485e+01
-1.800000000000000000e+02 1.721303793274049809e+01
-1.780000000000000000e+02 1.730099230372478658e+01
-1.760000000000000000e+02 1.722606258875306651e+01
-1.740000000000000000e+02 1.716375093899305782e+01
-1.720000000000000000e+02 1.721232323246215401e+01
-1.700000000000000000e+02 1.726205563479842908e+01
-1.680000000000000000e+02 1.723269532106089130e+01
-1.660000000000000000e+02 1.721199810857860513e+01
-1.640000000000000000e+02 1.725282624642300178e+01
-1.620000000000000000e+02 1.725032148080854455e+01
-1.600000000000000000e+02 1.721199616705608193e+01
-1.580000000000000000e+02 1.725505601908684383e+01
-1.560000000000000000e+02 1.725296875653744877e+01
-1.540000000000000000e+02 1.728171453532274882e+01
-1.520000000000000000e+02 1.712635903130928128e+01
-1.500000000000000000e+02 1.732002211503780487e+01
-1.480000000000000000e+02 1.753177112274023131e+01
-1.460000000000000000e+02 1.707716340723843373e+01
-1.440000000000000000e+02 1.735203330557568790e+01
-1.420000000000000000e+02 1.722832812061885832e+01
-1.400000000000000000e+02 1.739628665322067036e+01
-1.380000000000000000e+02 1.731483503415111969e+01
-1.360000000000000000e+02 1.739400680549265488e+01
-1.340000000000000000e+02 1.730882345689568425e+01
-1.320000000000000000e+02 1.747458112973632183e+01
-1.300000000000000000e+02 1.743564514072298621e+01
-1.280000000000000000e+02 1.747400829251619570e+01
-1.260000000000000000e+02 1.737578479998625980e+01
-1.240000000000000000e+02 1.751662212283006070e+01
-1.220000000000000000e+02 1.755294230512850717e+01
-1.200000000000000000e+02 1.764772497184126010e+01
-1.180000000000000000e+02 1.746410690839873325e+01
-1.160000000000000000e+02 1.749398662857568709e+01
-1.140000000000000000e+02 1.785415264451831874e+01
-1.120000000000000000e+02 1.765045469262482669e+01
-1.100000000000000000e+02 1.762292200500327866e+01
-1.080000000000000000e+02 1.773450137048114428e+01
-1.060000000000000000e+02 1.776170820707345399e+01
-1.040000000000000000e+02 1.776297002349918586e+01
-1.020000000000000000e+02 1.784744504321942671e+01
-1.000000000000000000e+02 1.787954412020916806e+01
-9.800000000000000000e+01 1.799933317037316982e+01
-9.600000000000000000e+01 1.789905713155976130e+01
-9.400000000000000000e+01 1.798592983931544609e+01
-9.200000000000000000e+01 1.803086798377252009e+01
-9.000000000000000000e+01 1.817255464008126964e+01
-8.800000000000000000e+01 1.811352454277517410e+01
-8.600000000000000000e+01 1.820374566691138085e+01
-8.400000000000000000e+01 1.819191961345449826e+01
-8.200000000000000000e+01 1.830920402184939633e+01
-8.000000000000000000e+01 1.833622761119855227e+01
-7.800000000000000000e+01 1.840560989194317898e+01
-7.600000000000000000e+01 1.834583282929483516e+01
-7.400000000000000000e+01 1.866211682722696352e+01
-7.200000000000000000e+01 1.853046402935121506e+01
-7.000000000000000000e+01 1.860002863496677961e+01
-6.800000000000000000e+01 1.867331779800926483e+01
-6.600000000000000000e+01 1.875203397350477275e+01
-6.400000000000000000e+01 1.890092192936277016e+01
-6.200000000000000000e+01 1.883652075208358312e+01
-6.000000000000000000e+01 1.900741043532529062e+01
-5.800000000000000000e+01 1.895846672889958739e+01
-5.600000000000000000e+01 1.914768274552833915e+01
-5.400000000000000000e+01 1.917705168169744567e+01
-5.200000000000000000e+01 1.926412725151977412e+01
-5.000000000000000000e+01 1.932712910761388514e+01
-4.800000000000000000e+01 1.946032630284361531e+01
-4.600000000000000000e+01 1.949648643792194846e+01
-4.400000000000000000e+01 1.953122161449654115e+01
-4.200000000000000000e+01 1.968184676704540337e+01
-4.000000000000000000e+01 1.976512002192212591e+01
-3.800000000000000000e+01 1.991951744445493233e+01
-3.600000000000000000e+01 1.996079786700761360e+01
-3.400000000000000000e+01 2.002557284430786311e+01
-3.200000000000000000e+01 2.019603572544227177e+01
-3.000000000000000000e+01 2.032861556822185989e+01
-2.800000000000000000e+01 2.031281366867881744e+01
-2.600000000000000000e+01 2.051916802392669936e+01
-2.400000000000000000e+01 2.054416587142288364e+01
-2.200000000000000000e+01 2.078718484004416922e+01
-2.000000000000000000e+01 2.081311494036166820e+01
-1.800000000000000000e+01 2.098167164902738335e+01
-1.600000000000000000e+01 2.105939223188239851e+01
-1.400000000000000000e+01 2.129350951280926196e+01
-1.200000000000000000e+01 2.132883555198209891e+01
-1.000000000000000000e+01 2.150975388312305370e+01
-8.000000000000000000e+00 2.161408928905145643e+01
-6.000000000000000000e+00 2.181539605174098995e+01
-4.000000000000000000e+00 2.179926190428959742e+01
-2.000000000000000000e+00 2.220723952902819676e+01
0.000000000000000000e+00 2.236237486282801257e+01
2.000000000000000000e+00 2.233254742859394426e+01
4.000000000000000000e+00 2.259734106833674261e+01
6.000000000000000000e+00 2.285638909281783171e+01
8.000000000000000000e+00 2.308105861097748601e+01
1.000000000000000000e+01 2.326806057387661753e+01
1.200000000000000000e+01 2.333795366848325870e+01
1.400000000000000000e+01 2.361222257112373768e+01
1.600000000000000000e+01 2.389332708635661717e+01
1.800000000000000000e+01 2.397768714443907001e+01
2.000000000000000000e+01 2.429110156423245570e+01
2.200000000000000000e+01 2.451254099281261745e+01
2.400000000000000000e+01 2.484702201824655532e+01
2.600000000000000000e+01 2.506484527828648723e+01
2.800000000000000000e+01 2.528198909237278968e+01
3.000000000000000000e+01 2.549794881164361016e+01
3.200000000000000000e+01 2.577405205840377889e+01
3.400000000000000000e+01 2.611970143186318083e+01
3.600000000000000000e+01 2.641335735830673670e+01
3.800000000000000000e+01 2.676174841746267319e+01
4.000000000000000000e+01 2.695978361015746927e+01
4.200000000000000000e+01 2.737234322058678515e+01
4.400000000000000000e+01 2.762923465632538367e+01
4.600000000000000000e+01 2.807047031392817615e+01
4.800000000000000000e+01 2.846418844999085351e+01
5.000000000000000000e+01 2.878075543544384018e+01
5.200000000000000000e+01 2.917814416513572340e+01
5.400000000000000000e+01 2.962898082163449232e+01
5.600000000000000000e+01 2.998406625275562831e+01
5.800000000000000000e+01 3.053351294456999554e+01
6.000000000000000000e+01 3.098244252325078563e+01
6.200000000000000000e+01 3.150200982974404695e+01
6.400000000000000000e+01 3.189646568820909422e+01
6.600000000000000000e+01 3.257622771456719590e+01
6.800000000000000000e+01 3.300536562834422227e+01
7.000000000000000000e+01 3.370659754841130251e+01
7.200000000000000000e+01 3.426742514892594471e+01
7.400000000000000000e+01 3.498515625908251536e+01
7.600000000000000000e+01 3.561404040713100727e+01
7.800000000000000000e+01 3.623912508119849463e+01
8.000000000000000000e+01 3.731612172629186830e+01
8.200000000000000000e+01 3.786877883093069386e+01
8.400000000000000000e+01 3.891091270271545000e+01
8.600000000000000000e+01 3.979640090847318135e+01
8.800000000000000000e+01 4.080776693576864034e+01
9.000000000000000000e+01 4.172549699679388624e+01
9.200000000000000000e+01 4.292067219748427220e+01
9.400000000000000000e+01 4.418492015099358383e+01
9.600000000000000000e+01 4.539950177331809300e+01
9.800000000000000000e+01 4.677893168717296390e+01
1.000000000000000000e+02 4.840549491238435564e+01
1.020000000000000000e+02 5.012038110208538200e+01
1.040000000000000000e+02 5.182789297339757439e+01
1.060000000000000000e+02 5.383687479173635637e+01
1.080000000000000000e+02 5.587632641939298850e+01
1.100000000000000000e+02 5.858506314033010653e+01
1.120000000000000000e+02 6.105109281832293533e+01
1.140000000000000000e+02 6.420609382027863887e+01
1.160000000000000000e+02 6.798133591096305395e+01
1.180000000000000000e+02 7.109575805642643331e+01
1.200000000000000000e+02 7.607294597916262546e+01
1.220000000000000000e+02 8.139340393131446660e+01
1.240000000000000000e+02 8.776675529576411350e+01
1.260000000000000000e+02 9.525268827647025205e+01
1.280000000000000000e+02 1.049408917536177199e+02
1.300000000000000000e+02 1.166432978057384133e+02
1.320000000000000000e+02 1.327978813486984677e+02
1.340000000000000000e+02 1.550906093432696764e+02
1.360000000000000000e+02 1.889003858127266540e+02
1.380000000000000000e+02 2.468867691924441772e+02
1.400000000000000000e+02 3.746318373855062305e+02
1.420000000000000000e+02 7.012238849379323256e+02
1.440000000000000000e+02 2.485345297788730932e+02
1.460000000000000000e+02 0.000000000000000000e+00
1.480000000000000000e+02 0.000000000000000000e+00
1.500000000000000000e+02 0.000000000000000000e+00
1.520000000000000000e+02 0.000000000000000000e+00
1.540000000000000000e+02 0.000000000000000000e+00
1.560000000000000000e+02 0.000000000000000000e+00
1.580000000000000000e+02 0.000000000000000000e+00
1.600000000000000000e+02 0.000000000000000000e+00
1.620000000000000000e+02 0.000000000000000000e+00
1.640000000000000000e+02 0.000000000000000000e+00
1.660000000000000000e+02 0.000000000000000000e+00
1.680000000000000000e+02 0.000000000000000000e+00
1.700000000000000000e+02 0.000000000000000000e+00
1.720000000000000000e+02 0.000000000000000000e+00
1.740000000000000000e+02 0.000000000000000000e+00
1.760000000000000000e+02 0.000000000000000000e+00
1.780000000000000000e+02 0.000000000000000000e+00
1.800000000000000000e+02 0.000000000000000000e+00
1.820000000000000000e+02 0.000000000000000000e+00
1.840000000000000000e+02 0.000000000000000000e+00
1.860000000000000000e+02 0.000000000000000000e+00
1.880000000000000000e+02 0.000000000000000000e+00
1.900000000000000000e+02 0.000000000000000000e+00
1.920000000000000000e+02 0.000000000000000000e+00
1.940000000000000000e+02 0.000000000000000000e+00
1.960000000000000000e+02 0.000000000000000000e+00
1.980000000000000000e+02 0.000000000000000000e+00
2.000000000000000000e+02 0.000000000000000000e+00
2.020000000000000000e+02 0.000000000000000000e+00
2.040000000000000000e+02 0.000000000000000000e+00
2.060000000000000000e+02 0.000000000000000000e+00
2.080000000000000000e+02 0.000000000000000000e+00
2.100000000000000000e+02 0.000000000000000000e+00
2.120000000000000000e+02 0.000000000000000000e+00
2.140000000000000000e+02 0.000000000000000000e+00
2.160000000000000000e+02 0.000000000000000000e+00
2.180000000000000000e+02 0.000000000000000000e+00
2.200000000000000000e+02 0.000000000000000000e+00
2.220000000000000000e+02 0.000000000000000000e+00
2.240000000000000000e+02 0.000000000000000000e+00
2.260000000000000000e+02 0.000000000000000000e+00
2.280000000000000000e+02 0.000000000000000000e+00
2.300000000000000000e+02 0.000000000000000000e+00
2.320000000000000000e+02 0.000000000000000000e+00
2.340000000000000000e+02 0.000000000000000000e+00
2.360000000000000000e+02 0.000000000000000000e+00
2.380000000000000000e+02 0.000000000000000000e+00
2.400000000000000000e+02 0.000000000000000000e+00
2.420000000000000000e+02 0.000000000000000000e+00
2.440000000000000000e+02 0.000000000000000000e+00
2.460000000000000000e+02 0.000000000000000000e+00
2.480000000000000000e+02 0.000000000000000000e+00
2.500000000000000000e+02 0.000000000000000000e+00
2.520000000000000000e+02 0.000000000000000000e+00
2.540000000000000000e+02 0.000000000000000000e+00
2.560000000000000000e+02 0.000000000000000000e+00
2.580000000000000000e+02 0.000000000000000000e+00
2.600000000000000000e+02 0.000000000000000000e+00
2.620000000000000000e+02 0.000000000000000000e+00
2.640000000000000000e+02 0.000000000000000000e+00
2.660000000000000000e+02 0.000000000000000000e+00
2.680000000000000000e+02 0.000000000000000000e+00
2.700000000000000000e+02 0.000000000000000000e+00
2.720000000000000000e+02 0.000000000000000000e+00
2.740000000000000000e+02 0.000000000000000000e+00
2.760000000000000000e+02 0.000000000000000000e+00
2.780000000000000000e+02 0.000000000000000000e+00
2.800000000000000000e+02 0.000000000000000000e+00
2.820000000000000000e+02 0.000000000000000000e+00
2.840000000000000000e+02 0.000000000000000000e+00
2.860000000000000000e+02 0.000000000000000000e+00
2.880000000000000000e+02 0.000000000000000000e+00
2.900000000000000000e+02 0.000000000000000000e+00
2.920000000000000000e+02 0.000000000000000000e+00
2.940000000000000000e+02 0.000000000000000000e+00
2.960000000000000000e+02 0.000000000000000000e+00
2.980000000000000000e+02 0.000000000000000000e+00
3.000000000000000000e+02 0.000000000000000000e+00
3.020000000000000000e+02 0.000000000000000000e+00
3.040000000000000000e+02 0.000000000000000000e+00
3.060000000000000000e+02 0.000000000000000000e+00
3.080000000000000000e+02 0.000000000000000000e+00
3.100000000000000000e+02 0.000000000000000000e+00
3.120000000000000000e+02 0.000000000000000000e+00
3.140000000000000000e+02 0.000000000000000000e+00
3.160000000000000000e+02 0.000000000000000000e+00
3.180000000000000000e+02 0.000000000000000000e+00
3.200000000000000000e+02 0.000000000000000000e+00
3.220000000000000000e+02 0.000000000000000000e+00
3.240000000000000000e+02 0.000000000000000000e+00
3.260000000000000000e+02 0.000000000000000000e+00
3.280000000000000000e+02 0.000000000000000000e+00
3.300000000000000000e+02 0.000000000000000000e+00
3.320000000000000000e+02 0.000000000000000000e+00
3.340000000000000000e+02 0.000000000000000000e+00
3.360000000000000000e+02 0.000000000000000000e+00
3.380000000000000000e+02 0.000000000000000000e+00
3.400000000000000000e+02 0.000000000000000000e+00
3.420000000000000000e+02 0.000000000000000000e+00
3.440000000000000000e+02 0.000000000000000000e+00
3.460000000000000000e+02 0.000000000000000000e+00
3.480000000000000000e+02 0.000000000000000000e+00
3.500000000000000000e+02 0.000000000000000000e+00
3.520000000000000000e+02 0.000000000000000000e+00
3.540000000000000000e+02 0.000000000000000000e+00
3.560000000000000000e+02 0.000000000000000000e+00
3.580000000000000000e+02 0.000000000000000000e+00
3.600000000000000000e+02 0.000000000000000000e+00
3.620000000000000000e+02 0.000000000000000000e+00
3.640000000000000000e+02 0.000000000000000000e+00
3.660000000000000000e+02 0.000000000000000000e+00
3.680000000000000000e+02 0.000000000000000000e+00
3.700000000000000000e+02 0.000000000000000000e+00
3.720000000000000000e+02 0.000000000000000000e+00
3.740000000000000000e+02 0.000000000000000000e+00
3.760000000000000000e+02 0.000000000000000000e+00
3.780000000000000000e+02 0.000000000000000000e+00
3.800000000000000000e+02 0.000000000000000000e+00
3.820000000000000000e+02 0.000000000000000000e+00
3.840000000000000000e+02 0.000000000000000000e+00
3.860000000000000000e+02 0.000000000000000000e+00
3.880000000000000000e+02 0.000000000000000000e+00
3.900000000000000000e+02 0.000000000000000000e+00
3.920000000000000000e+02 0.000000000000000000e+00
3.940000000000000000e+02 0.000000000000000000e+00
3.960000000000000000e+02 0.000000000000000000e+00
3.980000000000000000e+02 0.000000000000000000e+00
4.000000000000000000e+02 0.000000000000000000e+00
4.020000000000000000e+02 0.000000000000000000e+00
4.040000000000000000e+02 0.000000000000000000e+00
4.060000000000000000e+02 0.000000000000000000e+00
4.080000000000000000e+02 0.000000000000000000e+00
4.100000000000000000e+02 0.000000000000000000e+00
4.120000000000000000e+02 0.000000000000000000e+00
4.140000000000000000e+02 0.000000000000000000e+00
4.160000000000000000e+02 0.000000000000000000e+00
4.180000000000000000e+02 0.000000000000000000e+00
4.200000000000000000e+02 0.000000000000000000e+00
4.220000000000000000e+02 0.000000000000000000e+00
4.240000000000000000e+02 0.000000000000000000e+00
4.260000000000000000e+02 0.000000000000000000e+00
4.280000000000000000e+02 0.000000000000000000e+00
4.300000000000000000e+02 0.000000000000000000e+00
4.320000000000000000e+02 0.000000000000000000e+00
4.340000000000000000e+02 0.000000000000000000e+00
4.360000000000000000e+02 0.000000000000000000e+00
4.380000000000000000e+02 0.000000000000000000e+00
4.400000000000000000e+02 0.000000000000000000e+00
4.420000000000000000e+02 0.000000000000000000e+00
4.440000000000000000e+02 0.000000000000000000e+00
4.460000000000000000e+02 0.000000000000000000e+00
4.480000000000000000e+02 0.000000000000000000e+00
4.500000000000000000e+02 0.000000000000000000e+00
4.520000000000000000e+02 0.000000000000000000e+00
4.540000000000000000e+02 0.000000000000000000e+00
4.560000000000000000e+02 0.000000000000000000e+00
4.580000000000000000e+02 0.000000000000000000e+00
4.600000000000000000e+02 0.000000000000000000e+00
4.620000000000000000e+02 0.000000000000000000e+00
4.640000000000000000e+02 0.000000000000000000e+00
4.660000000000000000e+02 0.000000000000000000e+00
4.680000000000000000e+02 0.000000000000000000e+00
4.700000000000000000e+02 0.000000000000000000e+00
4.720000000000000000e+02 0.000000000000000000e+00
4.740000000000000000e+02 0.000000000000000000e+00
4.760000000000000000e+02 0.000000000000000000e+00
4.780000000000000000e+02 0.000000000000000000e+00
4.800000000000000000e+02 0.000000000000000000e+00
4.820000000000000000e+02 0.000000000000000000e+00
4.840000000000000000e+02 0.000000000000000000e+00
4.860000000000000000e+02 0.000000000000000000e+00
4.880000000000000000e+02 0.000000000000000000e+00
4.900000000000000000e+02 0.000000000000000000e+00
4.920000000000000000e+02 0.000000000000000000e+00
4.940000000000000000e+02 0.000000000000000000e+00
4.960000000000000000e+02 0.000000000000000000e+00
4.980000000000000000e+02 0.000000000000000000e+00
5.000000000000000000e+02 0.000000000000000000e+00
5.020000000000000000e+02 0.000000000000000000e+00
5.040000000000000000e+02 0.000000000000000000e+00
5.060000000000000000e+02 0.000000000000000000e+00
5.080000000000000000e+02 0.000000000000000000e+00
5.100000000000000000e+02 0.000000000000000000e+00
5.120000000000000000e+02 0.000000000000000000e+00
5.140000000000000000e+02 0.000000000000000000e+00
5.160000000000000000e+02 0.000000000000000000e+00
5.180000000000000000e+02 0.000000000000000000e+00
5.200000000000000000e+02 0.000000000000000000e+00
5.220000000000000000e+02 0.000000000000000000e+00
5.240000000000000000e+02 0.000000000000000000e+00
5.260000000000000000e+02 0.000000000000000000e+00
5.280000000000000000e+02 0.000000000000000000e+00
5.300000000000000000e+02 0.000000000000000000e+00
5.320000000000000000e+02 0.000000000000000000e+00
5.340000000000000000e+02 0.000000000000000000e+00
5.360000000000000000e+02 0.000000000000000000e+00
5.380000000000000000e+02 0.000000000000000000e+00
5.400000000000000000e+02 0.000000000000000000e+00
5.420000000000000000e+02 0.000000000000000000e+00
5.440000000000000000e+02 0.000000000000000000e+00
5.460000000000000000e+02 0.000000000000000000e+00
5.480000000000000000e+02 0.000000000000000000e+00
5.500000000000000000e+02 0.000000000000000000e+00
5.520000000000000000e+02 0.000000000000000000e+00
5.540000000000000000e+02 0.000000000000000000e+00
5.560000000000000000e+02 0.000000000000000000e+00
5.580000000000000000e+02 0.000000000000000000e+00
5.600000000000000000e+02 0.000000000000000000e+00
5.620000000000000000e+02 0.000000000000000000e+00
5.640000000000000000e+02 0.000000000000000000e+00
5.660000000000000000e+02 0.000000000000000000e+00
5.680000000000000000e+02 0.000000000000000000e+00
5.700000000000000000e+02 0.000000000000000000e+00
5.720000000000000000e+02 0.000000000000000000e+00
5.740000000000000000e+02 0.000000000000000000e+00
5.760000000000000000e+02 0.000000000000000000e+00
5.780000000000000000e+02 0.000000000000000000e+00
5.800000000000000000e+02 0.000000000000000000e+00
5.820000000000000000e+02 0.000000000000000000e+00
5.840000000000000000e+02 0.000000000000000000e+00
5.860000000000000000e+02 0.000000000000000000e+00
5.880000000000000000e+02 0.000000000000000000e+00
5.900000000000000000e+02 0.000000000000000000e+00
5.920000000000000000e+02 0.000000000000000000e+00
5.940000000000000000e+02 0.000000000000000000e+00
5.960000000000000000e+02 0.000000000000000000e+00
5.980000000000000000e+02 0.000000000000000000e+00
6.000000000000000000e+02 0.000000000000000000e+00
6.020000000000000000e+02 0.000000000000000000e+00
6.040000000000000000e+02 0.000000000000000000e+00
6.060000000000000000e+02 0.000000000000000000e+00
6.080000000000000000e+02 0.000000000000000000e+00
6.100000000000000000e+02 0.000000000000000000e+00
6.120000000000000000e+02 0.000000000000000000e+00
6.140000000000000000e+02 0.000000000000000000e+00
6.160000000000000000e+02 0.000000000000000000e+00
6.180000000000000000e+02 0.000000000000000000e+00
6.200000000000000000e+02 0.000000000000000000e+00
6.220000000000000000e+02 0.000000000000000000e+00
6.240000000000000000e+02 0.000000000000000000e+00
6.260000000000000000e+02 0.000000000000000000e+00
6.280000000000000000e+02 0.000000000000000000e+00
6.300000000000000000e+02 0.000000000000000000e+00
6.320000000000000000e+02 0.000000000000000000e+00
6.340000000000000000e+02 0.000000000000000000e+00
6.360000000000000000e+02 0.000000000000000000e+00
6.380000000000000000e+02 0.000000000000000000e+00
6.400000000000000000e+02 0.000000000000000000e+00
6.420000000000000000e+02 0.000000000000000000e+00
6.440000000000000000e+02 0.000000000000000000e+00
6.460000000000000000e+02 0.000000000000000000e+00
6.480000000000000000e+02 0.000000000000000000e+00
6.500000000000000000e+02 0.000000000000000000e+00
6.520000000000000000e+02 0.000000000000000000e+00
6.540000000000000000e+02 0.000000000000000000e+00
6.560000000000000000e+02 0.000000000000000000e+00
6.580000000000000000e+02 0.000000000000000000e+00
6.600000000000000000e+02 0.000000000000000000e+00
6.620000000000000000e+02 0.000000000000000000e+00
6.640000000000000000e+02 0.000000000000000000e+00
6.660000000000000000e+02 0.000000000000000000e+00
6.680000000000000000e+02 0.000000000000000000e+00
6.700000000000000000e+02 0.000000000000000000e+00
6.720000000000000000e+02 0.000000000000000000e+00
6.740000000000000000e+02 0.000000000000000000e+00
6.760000000000000000e+02 0.000000000000000000e+00
6.780000000000000000e+02 0.000000000000000000e+00
6.800000000000000000e+02 0.000000000000000000e+00
6.820000000000000000e+02 0.000000000000000000e+00
6.840000000000000000e+02 0.000000000000000000e+00
6.860000000000000000e+02 0.000000000000000000e+00
6.880000000000000000e+02 0.000000000000000000e+00
6.900000000000000000e+02 0.000000000000000000e+00
6.920000000000000000e+02 0.000000000000000000e+00
6.940000000000000000e+02 0.000000000000000000e+00
6.960000000000000000e+02 0.000000000000000000e+00
6.980000000000000000e+02 0.000000000000000000e+00
7.000000000000000000e+02 0.000000000000000000e+00
7.020000000000000000e+02 0.000000000000000000e+00
7.040000000000000000e+02 0.000000000000000000e+00
7.060000000000000000e+02 0.000000000000000000e+00
7.080000000000000000e+02 0.000000000000000000e+00
7.100000000000000000e+02 0.000000000000000000e+00
7.120000000000000000e+02 0.000000000000000000e+00
7.140000000000000000e+02 0.000000000000000000e+00
7.160000000000000000e+02 0.000000000000000000e+00
7.180000000000000000e+02 0.000000000000000000e+00
7.200000000000000000e+02 0.000000000000000000e+00
7.220000000000000000e+02 0.000000000000000000e+00
7.240000000000000000e+02 0.000000000000000000e+00
7.260000000000000000e+02 0.000000000000000000e+00
7.280000000000000000e+02 0.000000000000000000e+00
7.300000000000000000e+02 0.000000000000000000e+00
7.320000000000000000e+02 0.000000000000000000e+00
7.340000000000000000e+02 0.000000000000000000e+00
7.360000000000000000e+02 0.000000000000000000e+00
7.380000000000000000e+02 0.000000000000000000e+00
7.400000000000000000e+02 0.000000000000000000e+00
7.420000000000000000e+02 0.000000000000000000e+00
7.440000000000000000e+02 0.000000000000000000e+00
7.460000000000000000e+02 0.000000000000000000e+00
7.480000000000000000e+02 0.000000000000000000e+00
7.500000000000000000e+02 0.000000000000000000e+00
7.520000000000000000e+02 0.000000000000000000e+00
7.540000000000000000e+02 0.000000000000000000e+00
7.560000000000000000e+02 0.000000000000000000e+00
7.580000000000000000e+02 0.000000000000000000e+00
7.600000000000000000e+02 0.000000000000000000e+00
7.620000000000000000e+02 0.000000000000000000e+00
7.640000000000000000e+02 0.000000000000000000e+00
7.660000000000000000e+02 0.000000000000000000e+00
7.680000000000000000e+02 0.000000000000000000e+00
7.700000000000000000e+02 0.000000000000000000e+00
7.720000000000000000e+02 0.000000000000000000e+00
7.740000000000000000e+02 0.000000000000000000e+00
7.760000000000000000e+02 0.000000000000000000e+00
7.780000000000000000e+02 0.000000000000000000e+00
7.800000000000000000e+02 0.000000000000000000e+00
7.820000000000000000e+02 0.000000000000000000e+00
7.840000000000000000e+02 0.000000000000000000e+00
7.860000000000000000e+02 0.000000000000000000e+00
7.880000000000000000e+02 0.000000000000000000e+00
7.900000000000000000e+02 0.000000000000000000e+00
7.920000000000000000e+02 0.000000000000000000e+00
7.940000000000000000e+02 0.000000000000000000e+00
7.960000000000000000e+02 0.000000000000000000e+00
7.980000000000000000e+02 0.000000000000000000e+00
