7.564998319896858447e+00 1.000000000000000000e+00 8.085699999999999221e+00 1.080500000000000016e+00
2.596770778619497833e+01 1.149999999999999911e+00 2.628900000000000148e+01 1.153899999999999926e+00
8.337232627602134016e+00 1.100000000000000089e+00 7.401699999999999946e+00 1.144400000000000084e+00
7.189674332660501932e+00 1.000000000000000000e+00 6.387599999999999945e+00 1.051900000000000057e+00
7.868979407068991350e+00 1.149999999999999911e+00 8.431400000000000006e+00 1.168600000000000083e+00
9.002887791370767445e+00 1.149999999999999911e+00 9.645799999999999486e+00 1.222199999999999953e+00
9.250097460599135957e+00 1.000000000000000000e+00 9.796400000000000219e+00 1.140400000000000080e+00
1.291768260279070546e+01 1.350000000000000089e+00 1.387100000000000044e+01 1.343099999999999961e+00
1.251727202447682430e+01 1.100000000000000089e+00 1.307199999999999918e+01 1.006000000000000005e+00
1.675722586222332211e+01 1.300000000000000044e+00 1.840899999999999892e+01 1.464699999999999891e+00
8.559539620955320061e+00 1.100000000000000089e+00 8.229599999999999582e+00 1.021600000000000064e+00
1.180978818100993522e+01 1.000000000000000000e+00 1.094899999999999984e+01 1.091900000000000093e+00
8.969110022241807201e+00 1.100000000000000089e+00 8.526300000000000878e+00 1.032599999999999962e+00
1.199545384254554392e+01 1.000000000000000000e+00 1.141600000000000037e+01 1.108200000000000074e+00
1.270031213193874464e+01 1.100000000000000089e+00 1.334800000000000075e+01 1.072500000000000009e+00
8.675015518638360845e+00 1.149999999999999911e+00 8.672100000000000364e+00 1.274999999999999911e+00
1.229906163695068244e+01 1.350000000000000089e+00 1.063899999999999935e+01 1.200499999999999901e+00
1.060973526065765782e+01 1.050000000000000044e+00 1.051600000000000001e+01 1.306899999999999951e+00
7.243193875559427397e+00 1.000000000000000000e+00 6.348300000000000054e+00 1.238599999999999923e+00
2.001570270469437673e+01 1.050000000000000044e+00 2.056400000000000006e+01 1.091699999999999893e+00
9.460200710878439168e+00 1.000000000000000000e+00 9.407700000000000173e+00 1.167200000000000015e+00
1.405295625108988133e+01 1.050000000000000044e+00 1.496899999999999942e+01 1.048399999999999999e+00
1.241789853897284956e+01 1.100000000000000089e+00 1.259699999999999953e+01 1.239700000000000024e+00
8.063925594769898453e+00 1.100000000000000089e+00 7.976099999999999746e+00 1.026200000000000001e+00
7.646811288778167182e+00 1.500000000000000000e+00 8.268700000000000827e+00 1.136500000000000066e+00
8.695579155825953421e+00 1.100000000000000089e+00 9.305799999999999628e+00 1.220900000000000096e+00
2.234852619373907601e+01 1.000000000000000000e+00 2.204599999999999937e+01 1.060899999999999954e+00
7.650984506564896037e+00 1.300000000000000044e+00 8.920999999999999375e+00 1.312300000000000022e+00
7.059999566603778476e+00 1.300000000000000044e+00 7.538899999999999935e+00 1.277800000000000047e+00
1.181551201529828177e+01 1.050000000000000044e+00 1.164199999999999946e+01 1.014399999999999968e+00
1.236073332246894552e+01 1.100000000000000089e+00 1.111800000000000033e+01 1.356700000000000017e+00
1.166014518945701184e+01 1.050000000000000044e+00 1.156600000000000072e+01 1.055399999999999894e+00
7.589751255277406017e+00 1.100000000000000089e+00 8.461899999999999977e+00 1.056200000000000028e+00
1.774692486713615835e+01 1.100000000000000089e+00 1.931700000000000017e+01 1.166299999999999892e+00
8.832608273401092447e+00 1.550000000000000044e+00 9.907899999999999707e+00 1.634900000000000020e+00
7.688075653682290067e+00 1.100000000000000089e+00 8.983800000000000452e+00 1.272599999999999953e+00
8.388755306156099323e+00 1.000000000000000000e+00 8.147199999999999775e+00 1.147299999999999986e+00
1.510089782609156828e+01 1.000000000000000000e+00 1.508000000000000007e+01 1.090600000000000014e+00
1.158542442439659226e+01 1.000000000000000000e+00 1.147300000000000075e+01 1.036100000000000021e+00
1.411515936055593556e+01 1.000000000000000000e+00 1.473300000000000054e+01 1.218099999999999961e+00
8.137344289381303497e+00 1.300000000000000044e+00 8.330500000000000682e+00 1.204499999999999904e+00
7.797651482092987862e+00 1.100000000000000089e+00 8.083700000000000330e+00 1.177799999999999958e+00
1.810454220873407394e+01 1.250000000000000000e+00 1.704500000000000171e+01 1.288599999999999968e+00
9.008293086515095638e+00 1.149999999999999911e+00 9.226800000000000779e+00 1.006000000000000005e+00
8.285012112095614611e+00 1.100000000000000089e+00 8.375299999999999301e+00 1.022499999999999964e+00
8.469249080478789438e+00 1.100000000000000089e+00 7.319700000000000095e+00 1.273800000000000043e+00
1.694670577087401853e+01 1.100000000000000089e+00 1.676399999999999935e+01 1.152600000000000069e+00
1.109274755958733749e+01 1.250000000000000000e+00 1.063499999999999979e+01 1.451999999999999957e+00
9.124938516177053316e+00 1.199999999999999956e+00 7.812700000000000422e+00 1.418099999999999916e+00
1.605670786030771069e+01 1.050000000000000044e+00 1.661299999999999955e+01 1.040499999999999980e+00
7.744500322402586789e+00 1.100000000000000089e+00 7.573599999999999888e+00 1.065499999999999892e+00
7.155989801482633084e+00 1.199999999999999956e+00 6.939499999999999780e+00 1.526699999999999946e+00
1.443532462814698647e+01 1.000000000000000000e+00 1.464199999999999946e+01 1.039600000000000080e+00
1.042555718005928611e+01 1.250000000000000000e+00 1.033799999999999919e+01 1.137799999999999923e+00
7.561362549540945110e+00 1.399999999999999911e+00 7.209299999999999820e+00 1.250499999999999945e+00
7.083882720399060418e+00 1.050000000000000044e+00 7.769499999999999851e+00 1.350700000000000012e+00
7.790482286692963498e+00 1.149999999999999911e+00 8.054800000000000182e+00 1.127099999999999991e+00
1.733688372174538017e+01 1.300000000000000044e+00 1.640800000000000125e+01 1.479999999999999982e+00
1.096801526077263134e+01 1.050000000000000044e+00 1.192600000000000016e+01 1.096100000000000074e+00
9.639882798386793183e+00 1.100000000000000089e+00 8.934599999999999653e+00 1.106200000000000072e+00
1.062016579976625508e+01 1.050000000000000044e+00 1.158399999999999963e+01 1.048000000000000043e+00
2.376526551776419183e+01 1.199999999999999956e+00 2.383200000000000074e+01 1.286799999999999944e+00
1.154663119520728287e+01 1.000000000000000000e+00 1.244500000000000028e+01 1.070200000000000040e+00
1.964246939034353545e+01 1.000000000000000000e+00 1.994800000000000040e+01 1.011800000000000033e+00
1.136236894411524645e+01 1.000000000000000000e+00 1.149300000000000033e+01 1.060899999999999954e+00
7.970188345154383569e+00 1.050000000000000044e+00 7.776500000000000412e+00 1.194900000000000073e+00
1.391274435988827918e+01 1.199999999999999956e+00 1.403599999999999959e+01 1.204900000000000082e+00
7.611717650381706335e+00 1.000000000000000000e+00 6.419100000000000250e+00 1.144200000000000106e+00
1.068421961092349193e+01 1.350000000000000089e+00 1.228299999999999947e+01 1.272000000000000020e+00
2.431750607307412793e+01 1.100000000000000089e+00 2.433200000000000074e+01 1.133099999999999996e+00
1.375583762101769025e+01 1.000000000000000000e+00 1.333099999999999952e+01 1.071099999999999941e+00
7.880935341732083543e+00 1.149999999999999911e+00 9.316499999999999559e+00 1.208499999999999908e+00
9.046468651995382970e+00 1.449999999999999956e+00 9.014499999999999957e+00 1.747100000000000097e+00
8.546003657116898466e+00 1.100000000000000089e+00 9.555300000000000793e+00 1.362800000000000011e+00
1.882333375017037724e+01 1.300000000000000044e+00 1.844900000000000162e+01 1.279300000000000104e+00
1.125909508515519519e+01 1.100000000000000089e+00 1.051399999999999935e+01 1.323900000000000077e+00
8.289656031982190143e+00 1.000000000000000000e+00 8.474899999999999878e+00 1.082000000000000073e+00
2.397239990078821847e+01 1.250000000000000000e+00 2.326899999999999835e+01 1.144099999999999895e+00
1.342676307474300756e+01 1.100000000000000089e+00 1.279700000000000060e+01 1.086200000000000054e+00
1.319302071923573294e+01 1.050000000000000044e+00 1.282900000000000063e+01 1.083800000000000097e+00
7.671165097701759805e+00 1.000000000000000000e+00 7.600500000000000256e+00 1.152900000000000036e+00
1.175128410138836443e+01 1.250000000000000000e+00 1.024900000000000055e+01 1.915300000000000002e+00
1.678909714022393018e+01 1.399999999999999911e+00 1.697700000000000031e+01 1.346200000000000063e+00
1.021938196465271176e+01 1.250000000000000000e+00 1.014499999999999957e+01 1.591800000000000104e+00
1.268754849891740832e+01 1.100000000000000089e+00 1.321100000000000030e+01 1.127599999999999936e+00
1.318259652883739363e+01 1.100000000000000089e+00 1.358200000000000074e+01 1.076799999999999979e+00
8.572969917465229628e+00 1.350000000000000089e+00 9.798799999999999955e+00 1.127199999999999980e+00
1.239742407075220854e+01 1.050000000000000044e+00 1.204700000000000060e+01 1.562799999999999967e+00
7.433813652542312411e+00 1.100000000000000089e+00 6.367600000000000371e+00 1.193500000000000005e+00
8.183882746983499601e+00 1.350000000000000089e+00 8.628600000000000492e+00 1.407100000000000017e+00
1.869634765122395947e+01 1.500000000000000000e+00 1.875700000000000145e+01 1.451200000000000045e+00
1.442135804804161126e+01 1.100000000000000089e+00 1.414600000000000080e+01 1.134700000000000042e+00
8.528079543243961780e+00 1.100000000000000089e+00 1.003899999999999970e+01 1.002000000000000002e+00
7.110760176503958974e+00 1.000000000000000000e+00 7.820599999999999774e+00 1.083299999999999930e+00
9.067771235573900412e+00 1.300000000000000044e+00 9.165100000000000691e+00 1.231200000000000072e+00
1.523033071016538997e+01 1.399999999999999911e+00 1.579700000000000060e+01 1.502699999999999925e+00
1.069723853091716137e+01 1.050000000000000044e+00 1.186500000000000021e+01 1.237900000000000000e+00
8.995900544557684952e+00 1.050000000000000044e+00 8.119999999999999218e+00 1.070100000000000051e+00
1.160168481722064371e+01 1.100000000000000089e+00 1.194500000000000028e+01 1.251900000000000013e+00
7.865071643080568720e+00 1.250000000000000000e+00 8.198299999999999699e+00 1.189200000000000035e+00
