7.963939660656819797e+00 1.199999999999999956e+00 9.219099999999999184e+00 1.123799999999999910e+00
1.958655328177121646e+01 1.199999999999999956e+00 1.940899999999999892e+01 1.293400000000000105e+00
8.903895125980170633e+00 1.050000000000000044e+00 9.771300000000000097e+00 1.427599999999999980e+00
5.152999304696982108e+01 1.100000000000000089e+00 5.194200000000000017e+01 1.117899999999999894e+00
7.841231180523095645e+00 1.100000000000000089e+00 8.167799999999999727e+00 1.286799999999999944e+00
1.238729017382729580e+01 1.050000000000000044e+00 1.204700000000000060e+01 1.033099999999999907e+00
1.290140215675626223e+01 1.000000000000000000e+00 1.315199999999999925e+01 1.127799999999999914e+00
1.198117623306359292e+01 1.399999999999999911e+00 1.153200000000000003e+01 1.289900000000000047e+00
2.969216001446284281e+01 1.199999999999999956e+00 3.044000000000000128e+01 1.205000000000000071e+00
2.273760726840271218e+01 1.050000000000000044e+00 2.270700000000000074e+01 1.068500000000000005e+00
1.738817582691615371e+01 1.199999999999999956e+00 1.692299999999999827e+01 1.154600000000000071e+00
1.045055337130474982e+01 1.050000000000000044e+00 1.031499999999999950e+01 1.619499999999999940e+00
8.791598287220836028e+00 1.100000000000000089e+00 9.087500000000000355e+00 1.083800000000000097e+00
1.613783678642664654e+01 1.000000000000000000e+00 1.669699999999999918e+01 1.093299999999999939e+00
2.303790004642098665e+01 1.050000000000000044e+00 2.236499999999999844e+01 1.125899999999999901e+00
1.411098775598281918e+01 1.100000000000000089e+00 1.377899999999999991e+01 1.014599999999999946e+00
2.009316797465294258e+01 1.100000000000000089e+00 1.964999999999999858e+01 1.070799999999999974e+00
4.620980480937691937e+01 1.000000000000000000e+00 4.514699999999999847e+01 1.033500000000000085e+00
1.650669427075820295e+01 1.050000000000000044e+00 1.762900000000000134e+01 1.113499999999999934e+00
7.134724621918167031e+00 1.000000000000000000e+00 7.565699999999999648e+00 1.080699999999999994e+00
3.504894558665000659e+01 1.600000000000000089e+00 3.625800000000000267e+01 1.393399999999999972e+00
1.594154104550091233e+01 1.100000000000000089e+00 1.648100000000000165e+01 1.074699999999999989e+00
1.251950708594165462e+01 1.000000000000000000e+00 1.317300000000000004e+01 1.038200000000000012e+00
2.997014886915917486e+01 1.250000000000000000e+00 3.051899999999999835e+01 1.225300000000000056e+00
1.477645066469438007e+01 1.199999999999999956e+00 1.557300000000000040e+01 1.220699999999999896e+00
9.229338576240706971e+00 1.000000000000000000e+00 9.555699999999999861e+00 1.181699999999999973e+00
8.763813364263000949e+00 1.050000000000000044e+00 8.420600000000000307e+00 1.061099999999999932e+00
1.767422615201371627e+01 1.149999999999999911e+00 1.806299999999999883e+01 1.272699999999999942e+00
1.758045703122763825e+01 1.000000000000000000e+00 1.853699999999999903e+01 1.010899999999999910e+00
1.174427453461464665e+01 1.250000000000000000e+00 1.197400000000000020e+01 1.000999999999999890e+00
4.084427757429648409e+01 1.100000000000000089e+00 4.120900000000000318e+01 1.111799999999999899e+00
8.174067218027062154e+00 1.100000000000000089e+00 7.599999999999999645e+00 1.051399999999999890e+00
2.129638636301410770e+01 1.300000000000000044e+00 2.066700000000000159e+01 1.382900000000000018e+00
1.666577848947542861e+01 1.100000000000000089e+00 1.618599999999999994e+01 1.031500000000000083e+00
9.708919183210696247e+00 1.300000000000000044e+00 1.061999999999999922e+01 1.200099999999999945e+00
1.634863470881907688e+01 1.100000000000000089e+00 1.591699999999999982e+01 1.199799999999999978e+00
3.358962279295724329e+01 1.050000000000000044e+00 3.322599999999999909e+01 1.030999999999999917e+00
1.053580826076120047e+01 1.000000000000000000e+00 9.840899999999999537e+00 1.165100000000000025e+00
1.321722240193003017e+01 1.199999999999999956e+00 1.321199999999999974e+01 1.061600000000000099e+00
1.787106628317826562e+01 1.000000000000000000e+00 1.722299999999999898e+01 1.072899999999999965e+00
2.004085508709408714e+01 1.250000000000000000e+00 1.952199999999999847e+01 1.225500000000000034e+00
2.918171575757446590e+01 1.399999999999999911e+00 2.936299999999999955e+01 1.292599999999999971e+00
2.387408049274210953e+01 1.100000000000000089e+00 2.368100000000000094e+01 1.060999999999999943e+00
1.227670333961032156e+01 1.050000000000000044e+00 1.195199999999999996e+01 1.117899999999999894e+00
1.790573264889746952e+01 1.000000000000000000e+00 1.835099999999999909e+01 1.011700000000000044e+00
1.655606711377049578e+01 1.000000000000000000e+00 1.666799999999999926e+01 1.107199999999999962e+00
1.009080773270136433e+01 1.149999999999999911e+00 1.158099999999999952e+01 1.011200000000000099e+00
1.477189438970162882e+01 1.300000000000000044e+00 1.423900000000000077e+01 1.509200000000000097e+00
4.147586568803353657e+01 1.250000000000000000e+00 4.166400000000000148e+01 1.267800000000000038e+00
2.848587920795011996e+01 1.100000000000000089e+00 2.941100000000000136e+01 1.032999999999999918e+00
1.344020323906124759e+01 1.000000000000000000e+00 1.180199999999999960e+01 1.104000000000000092e+00
7.627852316689200052e+00 1.149999999999999911e+00 7.073500000000000121e+00 1.072799999999999976e+00
1.579953645401906215e+01 1.050000000000000044e+00 1.557699999999999996e+01 1.027800000000000047e+00
2.255289263395980015e+01 1.550000000000000044e+00 2.517899999999999849e+01 1.486699999999999910e+00
2.047916606514615978e+01 1.149999999999999911e+00 1.947899999999999920e+01 1.204499999999999904e+00
8.165037826525917808e+00 1.300000000000000044e+00 7.748099999999999987e+00 1.035300000000000109e+00
7.730354895357322675e+00 1.050000000000000044e+00 7.989899999999999558e+00 1.042200000000000015e+00
2.787250503409677549e+01 1.449999999999999956e+00 2.742399999999999949e+01 1.426199999999999912e+00
1.368800636412095173e+01 1.050000000000000044e+00 1.392399999999999949e+01 1.009300000000000086e+00
1.812253995135324658e+01 1.100000000000000089e+00 1.776699999999999946e+01 1.089499999999999913e+00
2.465069610096156794e+01 1.050000000000000044e+00 2.443700000000000117e+01 1.037600000000000078e+00
2.614924146505950375e+01 1.050000000000000044e+00 2.543199999999999861e+01 1.097299999999999942e+00
9.394949611393144551e+00 1.300000000000000044e+00 9.638400000000000745e+00 1.018999999999999906e+00
1.237966237999137320e+01 1.050000000000000044e+00 1.312800000000000011e+01 1.118500000000000050e+00
7.342704804234813309e+00 1.199999999999999956e+00 6.336700000000000443e+00 1.443100000000000049e+00
1.357471925635582011e+01 1.000000000000000000e+00 1.241499999999999915e+01 1.295700000000000074e+00
8.350583665764588659e+00 1.600000000000000089e+00 8.746499999999999275e+00 1.555700000000000083e+00
1.414237991144409534e+01 1.250000000000000000e+00 1.514899999999999913e+01 1.119699999999999918e+00
3.173427721918415045e+01 1.000000000000000000e+00 3.351299999999999812e+01 1.043800000000000061e+00
2.064191008193836296e+01 1.199999999999999956e+00 2.211499999999999844e+01 1.240899999999999892e+00
1.759157835192524999e+01 1.000000000000000000e+00 1.757100000000000151e+01 1.047400000000000109e+00
3.354188372003227414e+01 1.000000000000000000e+00 3.494899999999999807e+01 1.014799999999999924e+00
9.437048786509535603e+00 1.050000000000000044e+00 9.666499999999999204e+00 1.040799999999999947e+00
1.605526005495153186e+01 1.350000000000000089e+00 1.507399999999999984e+01 1.252999999999999892e+00
1.177122199206985442e+01 1.250000000000000000e+00 1.202299999999999969e+01 1.218900000000000095e+00
2.773742938854093154e+01 1.050000000000000044e+00 2.800600000000000023e+01 1.069199999999999928e+00
1.987502601508060707e+01 1.100000000000000089e+00 1.950799999999999912e+01 1.041299999999999892e+00
7.307321113607076768e+01 1.100000000000000089e+00 7.236199999999999477e+01 1.090799999999999992e+00
2.060418539288809825e+01 1.000000000000000000e+00 2.102199999999999847e+01 1.168500000000000094e+00
1.371982847268907335e+01 1.000000000000000000e+00 1.362800000000000011e+01 1.095900000000000096e+00
2.280381577448440567e+01 1.100000000000000089e+00 2.274800000000000111e+01 1.229899999999999993e+00
2.999923641928648976e+01 1.100000000000000089e+00 3.002599999999999980e+01 1.051600000000000090e+00
5.418552957015913307e+01 1.050000000000000044e+00 5.381499999999999773e+01 1.031600000000000072e+00
2.795410438057615465e+01 1.000000000000000000e+00 2.790800000000000125e+01 1.119899999999999896e+00
8.820299217617730392e+00 1.199999999999999956e+00 8.436199999999999477e+00 1.555900000000000061e+00
8.400951154565518664e+00 1.050000000000000044e+00 8.222099999999999298e+00 1.294999999999999929e+00
2.598264871870355819e+01 1.000000000000000000e+00 2.591600000000000037e+01 1.005300000000000082e+00
2.112461253000026318e+01 1.050000000000000044e+00 2.083899999999999864e+01 1.060000000000000053e+00
8.937286616697292629e+00 1.050000000000000044e+00 9.567399999999999238e+00 1.036999999999999922e+00
1.468480323725657399e+01 1.100000000000000089e+00 1.414899999999999913e+01 1.211100000000000065e+00
1.430175403101054599e+01 1.500000000000000000e+00 1.421299999999999919e+01 1.372999999999999998e+00
8.045200690728870541e+01 1.050000000000000044e+00 7.961599999999999966e+01 1.059199999999999919e+00
1.663733159400032946e+01 1.149999999999999911e+00 1.761700000000000088e+01 1.277400000000000091e+00
1.115038009569082078e+01 1.449999999999999956e+00 1.184299999999999997e+01 1.941799999999999971e+00
4.724949641514695031e+01 1.600000000000000089e+00 4.738700000000000045e+01 1.748799999999999910e+00
3.194928285693072212e+01 1.300000000000000044e+00 3.144600000000000151e+01 1.418400000000000105e+00
3.461186481281583838e+01 1.100000000000000089e+00 3.490299999999999869e+01 1.091299999999999937e+00
1.457351641466652836e+01 1.000000000000000000e+00 1.632100000000000151e+01 1.120600000000000041e+00
2.213253973336588842e+01 1.000000000000000000e+00 2.196300000000000097e+01 1.101499999999999924e+00
7.510679406344024756e+00 1.199999999999999956e+00 7.149899999999999700e+00 1.223899999999999988e+00
