9.931683339349092421e+00 1.050000000000000044e+00 1.025200000000000067e+01 1.062899999999999956e+00
1.057361613341254269e+01 1.000000000000000000e+00 9.813700000000000756e+00 1.031199999999999894e+00
1.842852627226534423e+01 1.050000000000000044e+00 1.869800000000000040e+01 1.106300000000000061e+00
1.963521831083005509e+01 1.100000000000000089e+00 2.031299999999999883e+01 1.063900000000000068e+00
1.145619528093766348e+01 1.000000000000000000e+00 1.164799999999999969e+01 1.122300000000000075e+00
2.201231750427211864e+01 1.000000000000000000e+00 2.193700000000000117e+01 1.085099999999999953e+00
1.094703457542891556e+01 1.000000000000000000e+00 9.249000000000000554e+00 1.215000000000000080e+00
7.601352642562005713e+00 1.050000000000000044e+00 8.110799999999999343e+00 1.045800000000000063e+00
7.951084314285026267e+00 1.000000000000000000e+00 6.458300000000000374e+00 1.057600000000000096e+00
7.801265210746691992e+00 1.300000000000000044e+00 8.268599999999999284e+00 1.506799999999999917e+00
1.335955013923421575e+01 1.149999999999999911e+00 1.288400000000000034e+01 1.254399999999999959e+00
1.128201210795407405e+01 1.000000000000000000e+00 1.072100000000000009e+01 1.202299999999999924e+00
1.383870604317075959e+01 1.100000000000000089e+00 1.291699999999999982e+01 1.055600000000000094e+00
9.729606745574642446e+00 1.000000000000000000e+00 1.008900000000000041e+01 1.242699999999999916e+00
8.745268143792145565e+00 1.000000000000000000e+00 9.551800000000000068e+00 1.171699999999999964e+00
1.088683527268187845e+01 1.399999999999999911e+00 1.080899999999999928e+01 1.285199999999999898e+00
2.296779345653101245e+01 1.000000000000000000e+00 2.207499999999999929e+01 1.031700000000000061e+00
7.913218986953665990e+00 1.050000000000000044e+00 8.355999999999999872e+00 1.019300000000000095e+00
1.115217855682408299e+01 1.000000000000000000e+00 1.163799999999999990e+01 1.079599999999999893e+00
1.001724407825440721e+01 1.050000000000000044e+00 9.621499999999999275e+00 1.411499999999999977e+00
1.946139928814375253e+01 1.250000000000000000e+00 2.004500000000000171e+01 1.203699999999999992e+00
9.106539395536742632e+00 1.050000000000000044e+00 8.074899999999999523e+00 1.328899999999999970e+00
1.453211434726165407e+01 1.100000000000000089e+00 1.486400000000000077e+01 1.107599999999999918e+00
2.462176070893724500e+01 1.050000000000000044e+00 2.590700000000000003e+01 1.024199999999999999e+00
9.202313628695719672e+00 1.100000000000000089e+00 9.639900000000000801e+00 1.122999999999999998e+00
1.019577391504071784e+01 1.149999999999999911e+00 9.865899999999999892e+00 1.301099999999999923e+00
9.246647621628312663e+00 1.050000000000000044e+00 8.205000000000000071e+00 1.060599999999999987e+00
1.020138661197790952e+01 1.149999999999999911e+00 9.876899999999999125e+00 1.115499999999999936e+00
1.392840599408066282e+01 1.050000000000000044e+00 1.366200000000000081e+01 1.081399999999999917e+00
1.933209466953212541e+01 1.050000000000000044e+00 1.795499999999999829e+01 1.134200000000000097e+00
8.074939998087415916e+00 1.199999999999999956e+00 6.684700000000000308e+00 1.009100000000000108e+00
1.327708872424318542e+01 1.399999999999999911e+00 1.314100000000000001e+01 1.374300000000000077e+00
8.528134830969747782e+00 1.100000000000000089e+00 9.747899999999999565e+00 1.008799999999999919e+00
7.769224125740947784e+00 1.000000000000000000e+00 7.970500000000000362e+00 1.164800000000000058e+00
1.222181763311891700e+01 1.250000000000000000e+00 1.200900000000000034e+01 1.429000000000000048e+00
1.374179815821469219e+01 1.399999999999999911e+00 1.265099999999999980e+01 1.526399999999999979e+00
1.691516076750792763e+01 1.399999999999999911e+00 1.697700000000000031e+01 1.559299999999999908e+00
7.360806714450063737e+00 1.050000000000000044e+00 6.551099999999999923e+00 1.171300000000000008e+00
8.763561935517145685e+00 1.100000000000000089e+00 8.463300000000000267e+00 1.160300000000000109e+00
1.753667026590824207e+01 1.250000000000000000e+00 1.841199999999999903e+01 1.138600000000000056e+00
9.078769563658624975e+00 1.000000000000000000e+00 8.515000000000000568e+00 1.028100000000000014e+00
2.078065375372966628e+01 1.350000000000000089e+00 2.160000000000000142e+01 1.273700000000000054e+00
7.458015996813855963e+00 1.050000000000000044e+00 6.328100000000000058e+00 1.117499999999999938e+00
1.247235790179684045e+01 1.149999999999999911e+00 1.236400000000000077e+01 1.155499999999999972e+00
2.650152757210412346e+01 1.350000000000000089e+00 2.602299999999999969e+01 1.312400000000000011e+00
9.095586420751033074e+00 1.000000000000000000e+00 9.266600000000000392e+00 1.140500000000000069e+00
9.565947280220257198e+00 1.000000000000000000e+00 1.068500000000000050e+01 1.045800000000000063e+00
1.204414904124462282e+01 1.350000000000000089e+00 1.121599999999999930e+01 1.083199999999999941e+00
8.817595929709909797e+00 1.300000000000000044e+00 8.597400000000000375e+00 1.199600000000000000e+00
7.317220127564155518e+00 1.199999999999999956e+00 6.927599999999999980e+00 1.175999999999999934e+00
7.693268729259443717e+00 1.100000000000000089e+00 8.434900000000000730e+00 1.044799999999999951e+00
7.086313490265297332e+00 1.050000000000000044e+00 5.462500000000000355e+00 1.255400000000000071e+00
1.438511505942540225e+01 1.050000000000000044e+00 1.345599999999999952e+01 1.208800000000000097e+00
1.405685713754280641e+01 1.199999999999999956e+00 1.402800000000000047e+01 1.370000000000000107e+00
1.096939907387661606e+01 1.300000000000000044e+00 1.080300000000000082e+01 1.522299999999999986e+00
2.135723039015692848e+01 1.300000000000000044e+00 2.256200000000000117e+01 1.367899999999999894e+00
1.379271879115322008e+01 1.050000000000000044e+00 1.385100000000000087e+01 1.090600000000000014e+00
7.192102939572578180e+00 1.149999999999999911e+00 7.014499999999999957e+00 1.424900000000000055e+00
1.576483169647758587e+01 1.649999999999999911e+00 1.599200000000000088e+01 1.688499999999999890e+00
1.436585713101419515e+01 1.100000000000000089e+00 1.358000000000000007e+01 1.134400000000000075e+00
7.505372497959797329e+00 1.000000000000000000e+00 7.658699999999999619e+00 1.258599999999999941e+00
1.341337663494527987e+01 1.149999999999999911e+00 1.226600000000000001e+01 1.061399999999999899e+00
8.405391324201104908e+00 1.000000000000000000e+00 8.095200000000000173e+00 1.170800000000000063e+00
1.155079583097813156e+01 1.000000000000000000e+00 1.036999999999999922e+01 1.227700000000000014e+00
1.497821252021537930e+01 1.199999999999999956e+00 1.614900000000000091e+01 1.223400000000000043e+00
7.254689278227601790e+00 1.100000000000000089e+00 7.617099999999999760e+00 1.022299999999999986e+00
8.250008702745276423e+00 1.500000000000000000e+00 7.983399999999999608e+00 1.366400000000000059e+00
1.058566935029409706e+01 1.000000000000000000e+00 1.179499999999999993e+01 1.249800000000000022e+00
8.366464756884965936e+00 1.300000000000000044e+00 8.333800000000000097e+00 1.142900000000000027e+00
8.710778928178228853e+00 1.300000000000000044e+00 9.353699999999999903e+00 1.230499999999999927e+00
1.031884537317216655e+01 1.100000000000000089e+00 9.243600000000000705e+00 1.331099999999999950e+00
8.905262255287425432e+00 1.350000000000000089e+00 9.000199999999999534e+00 1.501100000000000101e+00
9.968094589986321807e+00 1.000000000000000000e+00 1.044299999999999962e+01 1.260399999999999965e+00
1.207687205911634010e+01 1.250000000000000000e+00 1.230599999999999916e+01 1.669899999999999940e+00
9.356642265121649871e+00 1.050000000000000044e+00 9.751200000000000756e+00 1.118500000000000050e+00
1.458749215673333310e+01 1.199999999999999956e+00 1.352500000000000036e+01 1.424700000000000077e+00
9.898540850276731362e+00 1.149999999999999911e+00 1.001399999999999935e+01 1.168099999999999916e+00
1.013359012485079802e+01 1.100000000000000089e+00 1.012899999999999956e+01 1.120400000000000063e+00
9.247614258974294899e+00 1.300000000000000044e+00 9.104799999999999116e+00 1.067800000000000082e+00
1.348956192794139497e+01 1.000000000000000000e+00 1.299300000000000033e+01 1.113499999999999934e+00
7.687454926578993764e+00 1.050000000000000044e+00 7.757699999999999818e+00 1.037099999999999911e+00
1.924549340038197442e+01 1.149999999999999911e+00 1.941700000000000159e+01 1.205400000000000027e+00
7.008868381122965729e+00 1.199999999999999956e+00 8.280099999999999127e+00 1.102300000000000058e+00
9.960119359456143684e+00 1.149999999999999911e+00 1.019599999999999973e+01 1.020599999999999952e+00
1.071216782367059750e+01 1.100000000000000089e+00 1.079700000000000060e+01 1.118400000000000061e+00
1.102728748852450735e+01 1.000000000000000000e+00 1.108999999999999986e+01 1.063099999999999934e+00
2.030120380191794993e+01 1.050000000000000044e+00 2.120499999999999829e+01 1.088500000000000023e+00
1.051823897344331726e+01 1.100000000000000089e+00 1.077399999999999913e+01 1.185999999999999943e+00
9.810557692909696925e+00 1.000000000000000000e+00 1.089199999999999946e+01 1.165699999999999958e+00
9.415730226785171908e+00 1.149999999999999911e+00 8.986499999999999488e+00 1.562899999999999956e+00
7.118336718700334131e+00 1.100000000000000089e+00 5.996599999999999930e+00 1.227400000000000047e+00
1.589705467697808672e+01 1.000000000000000000e+00 1.595700000000000074e+01 1.072899999999999965e+00
9.189506976568509344e+00 1.100000000000000089e+00 8.919499999999999318e+00 1.056499999999999995e+00
9.645307642186480734e+00 1.100000000000000089e+00 1.030400000000000027e+01 1.149799999999999933e+00
8.006958707878879977e+00 1.000000000000000000e+00 7.395299999999999763e+00 1.503300000000000081e+00
9.520534160863007855e+00 1.250000000000000000e+00 1.004599999999999937e+01 1.417000000000000037e+00
7.516055675177540252e+00 1.149999999999999911e+00 8.317700000000000315e+00 1.387499999999999956e+00
1.400219376863242360e+01 1.100000000000000089e+00 1.331600000000000072e+01 1.265600000000000058e+00
1.077201677620178089e+01 1.050000000000000044e+00 1.130899999999999928e+01 1.059900000000000064e+00
2.359219176701469678e+01 1.100000000000000089e+00 2.376599999999999824e+01 1.210299999999999931e+00
